!
! Ar: aug-cc-pVQZ
!  [7s,5p,4d,3f,2g]
!
 S  16
  1        950600.0000         0.2275450000E-04
  2        142300.0000         0.1769450000E-03
  3        32360.00000         0.9312820000E-03
  4        9145.000000         0.3928600000E-02
  5        2970.000000         0.1420640000E-01
  6        1064.000000         0.4481140000E-01
  7        410.8000000         0.1210010000    
  8        168.0000000         0.2605790000    
  9        71.99000000         0.3813640000    
 10        31.67000000         0.2760580000    
 11        12.89000000         0.5051790000E-01
 12        5.929000000        -0.3598660000E-02
 13        2.678000000         0.2187980000E-02
 14       0.9416000000        -0.8623590000E-03
 15       0.4239000000         0.4052260000E-03
 16       0.1714000000        -0.1161630000E-03
 S  16
  1        950600.0000        -0.6462010000E-05
  2        142300.0000        -0.5023460000E-04
  3        32360.00000        -0.2648040000E-03
  4        9145.000000        -0.1118950000E-02
  5        2970.000000        -0.4082760000E-02
  6        1064.000000        -0.1312160000E-01
  7        410.8000000        -0.3728550000E-01
  8        168.0000000        -0.8947090000E-01
  9        71.99000000        -0.1680540000    
 10        31.67000000        -0.1795940000    
 11        12.89000000         0.1029530000    
 12        5.929000000         0.5626300000    
 13        2.678000000         0.4503550000    
 14       0.9416000000         0.4606070000E-01
 15       0.4239000000        -0.6036910000E-02
 16       0.1714000000         0.1887440000E-02
 S  16
  1        950600.0000         0.2020560000E-05
  2        142300.0000         0.1568510000E-04
  3        32360.00000         0.8286170000E-04
  4        9145.000000         0.3492640000E-03
  5        2970.000000         0.1279760000E-02
  6        1064.000000         0.4103650000E-02
  7        410.8000000         0.1177890000E-01
  8        168.0000000         0.2838680000E-01
  9        71.99000000         0.5524060000E-01
 10        31.67000000         0.6074920000E-01
 11        12.89000000        -0.3620120000E-01
 12        5.929000000        -0.2753980000    
 13        2.678000000        -0.3628450000    
 14       0.9416000000         0.2731180000    
 15       0.4239000000         0.6828990000    
 16       0.1714000000         0.2834170000    
 S   1
  1       0.9416000000          1.000000000    
 S   1
  1       0.4239000000          1.000000000    
 S   1
  1       0.1714000000          1.000000000    
 S   1
  1       0.610000000E-01      1.00000000    
 P  11
  1        1890.000000         0.4957520000E-03
  2        447.8000000         0.4251720000E-02
  3        144.6000000         0.2232770000E-01
  4        54.46000000         0.8308780000E-01
  5        22.51000000         0.2171100000    
  6        9.774000000         0.3745070000    
  7        4.368000000         0.3664450000    
  8        1.959000000         0.1292450000    
  9       0.8260000000         0.6922490000E-02
 10       0.3297000000         0.8361490000E-03
 11       0.1242000000        -0.1526660000E-03
 P  11
  1        1890.000000        -0.1388630000E-03
  2        447.8000000        -0.1188700000E-02
  3        144.6000000        -0.6325530000E-02
  4        54.46000000        -0.2388130000E-01
  5        22.51000000        -0.6492380000E-01
  6        9.774000000        -0.1154440000    
  7        4.368000000        -0.1236510000    
  8        1.959000000         0.6490550000E-01
  9       0.8260000000         0.4036330000    
 10       0.3297000000         0.4905920000    
 11       0.1242000000         0.2085280000    
 P   1
  1       0.8260000000          1.000000000    
 P   1
  1       0.3297000000          1.000000000    
 P   1
  1       0.1242000000          1.000000000    
 P   1
  1       0.435000000E-01       1.00000000    
 D   1
  1       1.873000000           1.000000000    
 D   1
  1       0.7630000000          1.000000000    
 D   1
  1       0.3110000000          1.000000000    
 D   1
  1       0.116000000           1.00000000    
 F   1
  1       1.325000000           1.000000000    
 F   1
  1       0.5430000000          1.000000000    
 F   1
  1       0.294000000           1.00000000    
 G   1
  1       1.007000000           1.000000000    
 G   1
  1       0.459000000           1.00000000    
