!  aug-cc-pVQZ  EMSL  Basis Set Exchange Library   5/7/08 3:18 AM
!  BORON
  S     12
    1           23870.0000000              0.0000880        
    2            3575.0000000              0.0006870        
    3             812.8000000              0.0036000        
    4             229.7000000              0.0149490        
    5              74.6900000              0.0514350        
    6              26.8100000              0.1433020        
    7              10.3200000              0.3009350        
    8               4.1780000              0.4035260        
    9               1.7270000              0.2253400        
    10              0.4704000              0.0154070        
    11              0.1896000             -0.0039550        
    12              0.0739400              0.0011240        
  S     12
    1           23870.0000000             -0.0000180        
    2            3575.0000000             -0.0001390        
    3             812.8000000             -0.0007250        
    4             229.7000000             -0.0030630        
    5              74.6900000             -0.0105810        
    6              26.8100000             -0.0313650        
    7              10.3200000             -0.0710120        
    8               4.1780000             -0.1321030        
    9               1.7270000             -0.1230720        
    10              0.4704000              0.2618190        
    11              0.1896000              0.5866620        
    12              0.0739400              0.2904940        
  S     1
    1               0.4704000              1.0000000        
  S     1
    1               0.1896000              1.0000000        
  S     1
    1               0.0739400              1.0000000        
  S     1
    1               0.0272100              1.0000000        
  P     6
    1              22.2600000              0.0050950        
    2               5.0580000              0.0332060        
    3               1.4870000              0.1323140        
    4               0.5071000              0.3318180        
    5               0.1812000              0.4720630        
    6               0.0646300              0.2579790        
  P     1
    1               0.5071000              1.0000000        
  P     1
    1               0.1812000              1.0000000        
  P     1
    1               0.0646300              1.0000000        
  P     1
    1               0.0187800              1.0000000        
  D     1
    1               1.1100000              1.0000000        
  D     1
    1               0.4020000              1.0000000        
  D     1
    1               0.1450000              1.0000000        
  D     1
    1               0.0466000              1.0000000        
  F     1
    1               0.8820000              1.0000000        
  F     1
    1               0.3110000              1.0000000        
  F     1
    1               0.1130000              1.0000000        
  G     1
    1               0.6730000              1.0000000        
  G     1
    1               0.2730000              1.0000000        
