!  aug-cc-pVQZ  EMSL  Basis Set Exchange Library   4/24/08 9:43 AM
!  BERYLLIUM
  S     12
    1           14630.0000000              0.0000920        
    2            2191.0000000              0.0007130        
    3             498.2000000              0.0037350        
    4             140.9000000              0.0154680        
    5              45.8600000              0.0528740        
    6              16.4700000              0.1456940        
    7               6.3190000              0.3026810        
    8               2.5350000              0.4049360        
    9               1.0350000              0.2223870        
    10              0.2528000              0.0129120        
    11              0.1052000             -0.0046480        
    12              0.0426100              0.0012280        
  S     12
    1           14630.0000000             -0.0000170        
    2            2191.0000000             -0.0001300        
    3             498.2000000             -0.0006790        
    4             140.9000000             -0.0028570        
    5              45.8600000             -0.0098130        
    6              16.4700000             -0.0286090        
    7               6.3190000             -0.0637600        
    8               2.5350000             -0.1172310        
    9               1.0350000             -0.1212020        
    10              0.2528000              0.2532290        
    11              0.1052000              0.5818370        
    12              0.0426100              0.2919540        
  S     1
    1               0.2528000              1.0000000        
  S     1
    1               0.1052000              1.0000000        
  S     1
    1               0.0426100              1.0000000        
  S     1
    1               0.0143900              1.0000000        
  P     6
    1              14.0300000              0.0040990        
    2               3.1680000              0.0256260        
    3               0.9024000              0.1037680        
    4               0.3036000              0.3115470        
    5               0.1130000              0.4981280        
    6               0.0428600              0.2588760        
  P     1
    1               0.3036000              1.0000000        
  P     1
    1               0.1130000              1.0000000        
  P     1
    1               0.0428600              1.0000000        
  P     1
    1               0.0065000              1.0000000        
  D     1
    1               1.0720000              1.0000000        
  D     1
    1               0.4410000              1.0000000        
  D     1
    1               0.1811000              1.0000000        
  D     1
    1               0.0554000              1.0000000        
  F     1
    1               0.4810000              1.0000000        
  F     1
    1               0.2550000              1.0000000        
  F     1
    1               0.0930000              1.0000000        
  G     1
    1               0.4150000              1.0000000        
  G     1
    1               0.1834000              1.0000000        
