! BROMINE
S   18
  1 16475000.0000000            0.0000034        
  2 2466600.0000000             0.0000267        
  3 561310.0000000              0.0001404        
  4 158990.0000000              0.0005927        
  5  51869.0000000              0.0021561        
  6  18726.0000000              0.0069959        
  7   7303.6000000              0.0205645        
  8   3029.1000000              0.0545893        
  9   1320.8000000              0.1275226        
 10    600.0300000              0.2459780        
 11    281.9000000              0.3436508        
 12    135.5400000              0.2702530        
 13     64.8700000              0.0744795        
 14     32.1290000              0.0008787        
 15     16.0370000              0.0015755        
 16      7.7849000             -0.0007602        
 17      3.7247000              0.0003211        
 18      1.7583000             -0.0001586        
S   18
  1 16475000.0000000           -0.0000011        
  2 2466600.0000000            -0.0000084        
  3 561310.0000000             -0.0000441        
  4 158990.0000000             -0.0001862        
  5  51869.0000000             -0.0006783        
  6  18726.0000000             -0.0022122        
  7   7303.6000000             -0.0065752        
  8   3029.1000000             -0.0179328        
  9   1320.8000000             -0.0443321        
 10    600.0300000             -0.0963478        
 11    281.9000000             -0.1696814        
 12    135.5400000             -0.1920769        
 13     64.8700000              0.0208731        
 14     32.1290000              0.4744996        
 15     16.0370000              0.5214907        
 16      7.7849000              0.1348001        
 17      3.7247000              0.0036614        
 18      1.7583000              0.0018840        
S   18
  1 16475000.0000000            0.0000004        
  2 2466600.0000000             0.0000033        
  3 561310.0000000              0.0000175        
  4 158990.0000000              0.0000740        
  5  51869.0000000              0.0002697        
  6  18726.0000000              0.0008799        
  7   7303.6000000              0.0026198        
  8   3029.1000000              0.0071671        
  9   1320.8000000              0.0178561        
 10    600.0300000              0.0393960        
 11    281.9000000              0.0717102        
 12    135.5400000              0.0858877        
 13     64.8700000             -0.0103861        
 14     32.1290000             -0.3040135        
 15     16.0370000             -0.4933178        
 16      7.7849000              0.0160890        
 17      3.7247000              0.7146686        
 18      1.7583000              0.4904795        
S   18
  1 16475000.0000000           -0.0000001        
  2 2466600.0000000            -0.0000010        
  3 561310.0000000             -0.0000054        
  4 158990.0000000             -0.0000227        
  5  51869.0000000             -0.0000827        
  6  18726.0000000             -0.0002694        
  7   7303.6000000             -0.0008042        
  8   3029.1000000             -0.0021949        
  9   1320.8000000             -0.0054939        
 10    600.0300000             -0.0120960        
 11    281.9000000             -0.0222623        
 12    135.5400000             -0.0266063        
 13     64.8700000              0.0027580        
 14     32.1290000              0.1016803        
 15     16.0370000              0.1704132        
 16      7.7849000             -0.0062220        
 17      3.7247000             -0.3452570        
 18      1.7583000             -0.4234840        
S   1
  1      0.5833100              1.0000000        
S   1
  1      0.2785600              1.0000000        
S   1
  1      0.1182900              1.0000000        
S   1
  1      0.0442700              1.0000000        
P   13
  1  26607.0000000              0.0000619        
  2   6298.2000000              0.0005499        
  3   2045.2000000              0.0031620        
  4    782.1600000              0.0137979        
  5    331.6300000              0.0479812        
  6    151.1100000              0.1315710        
  7     72.3920000              0.2685861        
  8     35.8620000              0.3683473        
  9     18.1340000              0.2711363        
 10      9.0430000              0.0762222        
 11      4.4500000              0.0046749        
 12      2.1661000              0.0012565        
 13      0.9962800             -0.0002357        
P   13
  1  26607.0000000             -0.0000248        
  2   6298.2000000             -0.0002212        
  3   2045.2000000             -0.0012736        
  4    782.1600000             -0.0056179        
  5    331.6300000             -0.0198600        
  6    151.1100000             -0.0565531        
  7     72.3920000             -0.1209479        
  8     35.8620000             -0.1773098        
  9     18.1340000             -0.0921472        
 10      9.0430000              0.2187683        
 11      4.4500000              0.4854670        
 12      2.1661000              0.3721970        
 13      0.9962800              0.0776907        
P   13
  1  26607.0000000              0.0000064        
  2   6298.2000000              0.0000572        
  3   2045.2000000              0.0003297        
  4    782.1600000              0.0014562        
  5    331.6300000              0.0051591        
  6    151.1100000              0.0147617        
  7     72.3920000              0.0317694        
  8     35.8620000              0.0470680        
  9     18.1340000              0.0223871        
 10      9.0430000             -0.0720254        
 11      4.4500000             -0.1626429        
 12      2.1661000             -0.1496503        
 13      0.9962800              0.1064517        
P   1
  1      0.4544300              1.0000000        
P   1
  1      0.1940400              1.0000000        
P   1
  1      0.0789970              1.0000000        
P   1
  1      0.0305130              1.0000000        
D   9
  1   1289.6000000              0.0001190        
  2    389.7500000              0.0011551        
  3    151.7600000              0.0067648        
  4     67.2230000              0.0273017        
  5     31.9130000              0.0809298        
  6     15.8570000              0.1794011        
  7      8.0545000              0.2840086        
  8      4.0887000              0.3266797        
  9      2.0556000              0.2584900        
D   1
  1      0.9950900              1.0000000        
D   1
  1      0.4231300              1.0000000        
D   1
  1      0.1779000              1.0000000        
D   1
  1      0.0829000              1.0000000        
F   1
  1      0.8257000              1.0000000        
F   1
  1      0.3407000              1.0000000        
F   1
  1      0.1748000              1.0000000        
G   1
  1      0.6491000              1.0000000        
G   1
  1      0.3110000              1.0000000        
