!  FLUORINE  aug-cc-pVQZ
  S     12
    1           74530.0000000              0.0000950        
    2           11170.0000000              0.0007380        
    3            2543.0000000              0.0038580        
    4             721.0000000              0.0159260        
    5             235.9000000              0.0542890        
    6              85.6000000              0.1495130        
    7              33.5500000              0.3082520        
    8              13.9300000              0.3948530        
    9               5.9150000              0.2110310        
    10              1.8430000              0.0171510        
    11              0.7124000             -0.0020150        
    12              0.2637000              0.0008690        
  S     12
    1           74530.0000000             -0.0000220        
    2           11170.0000000             -0.0001720        
    3            2543.0000000             -0.0008910        
    4             721.0000000             -0.0037480        
    5             235.9000000             -0.0128620        
    6              85.6000000             -0.0380610        
    7              33.5500000             -0.0862390        
    8              13.9300000             -0.1558650        
    9               5.9150000             -0.1109140        
    10              1.8430000              0.2987610        
    11              0.7124000              0.5850130        
    12              0.2637000              0.2711590        
  S     1
    1               1.8430000              1.0000000        
  S     1
    1               0.7124000              1.0000000        
  S     1
    1               0.2637000              1.0000000        
  S     1
    1               0.0859400              1.0000000        
  P     6
    1              80.3900000              0.0063470        
    2              18.6300000              0.0442040        
    3               5.6940000              0.1685140        
    4               1.9530000              0.3615630        
    5               0.6702000              0.4421780        
    6               0.2166000              0.2434350        
  P     1
    1               1.9530000              1.0000000        
  P     1
    1               0.6702000              1.0000000        
  P     1
    1               0.2166000              1.0000000        
  P     1
    1               0.0656800              1.0000000        
  D     1
    1               5.0140000              1.0000000        
  D     1
    1               1.7250000              1.0000000        
  D     1
    1               0.5860000              1.0000000        
  D     1
    1               0.2070000              1.0000000        
  F     1
    1               3.5620000              1.0000000        
  F     1
    1               1.1480000              1.0000000        
  F     1
    1               0.4600000              1.0000000        
  G     1
    1               2.3760000              1.0000000        
  G     1
    1               0.9240000              1.0000000        
