!
! BASIS="aug-cc-pVQZ"
! H: [5s,4p,3d,2f]
!
 S   6
  1        82.64000000         0.2006000000E-02
  2        12.41000000         0.1534300000E-01
  3        2.824000000         0.7557900000E-01
  4       0.7977000000         0.2568750000    
  5       0.2581000000         0.4973680000    
  6       0.8989000000E-01     0.2961330000    
 S   1
  1       0.7977000000          1.000000000    
 S   1
  1       0.2581000000          1.000000000    
 S   1
  1       0.8989000000E-01      1.000000000    
 S   1
  1       0.236300000E-01      1.00000000    
 P   1
  1        2.292000000          1.000000000    
 P   1
  1       0.8380000000          1.000000000    
 P   1
  1       0.2920000000          1.000000000    
 P   1
  1       0.848000000E-01      1.00000000    
 D   1
  1        2.062000000          1.000000000    
 D   1
  1       0.6620000000          1.000000000    
 D   1
  1       0.190000000          1.00000000    
 F   1
  1        1.397000000          1.000000000    
 F   1
  1       0.360000000          1.00000000    
