!  aug-cc-pVQZ  EMSL  Basis Set Exchange Library   4/23/08 3:34 AM
!  LITHIUM
  S     12
    1            6601.0000000              0.0001170        
    2             989.7000000              0.0009110        
    3             225.7000000              0.0047280        
    4              64.2900000              0.0191970        
    5              21.1800000              0.0630470        
    6               7.7240000              0.1632080        
    7               3.0030000              0.3148270        
    8               1.2120000              0.3939360        
    9               0.4930000              0.1969180        
    10              0.0951500              0.0099970        
    11              0.0479100             -0.0054020        
    12              0.0222000              0.0017040        
  S     12
    1            6601.0000000             -0.0000180        
    2             989.7000000             -0.0001420        
    3             225.7000000             -0.0007410        
    4              64.2900000             -0.0030200        
    5              21.1800000             -0.0101230        
    6               7.7240000             -0.0270940        
    7               3.0030000             -0.0573590        
    8               1.2120000             -0.0938950        
    9               0.4930000             -0.1210910        
    10              0.0951500              0.2766080        
    11              0.0479100              0.5495480        
    12              0.0222000              0.2773850        
  S     1
    1               0.0951500              1.0000000        
  S     1
    1               0.0479100              1.0000000        
  S     1
    1               0.0222000              1.0000000        
  S     1
    1               0.0063600              1.0000000        
  P     6
    1               6.2500000              0.0033880        
    2               1.3700000              0.0193160        
    3               0.3672000              0.0791040        
    4               0.1192000              0.2740950        
    5               0.0447400              0.5194880        
    6               0.0179500              0.2844230        
  P     1
    1               0.1192000              1.0000000        
  P     1
    1               0.0447400              1.0000000        
  P     1
    1               0.0179500              1.0000000        
  P     1
    1               0.0075600              1.0000000        
  D     1
    1               0.3440000              1.0000000        
  D     1
    1               0.1530000              1.0000000        
  D     1
    1               0.0680000              1.0000000        
  D     1
    1               0.0266000              1.0000000        
  F     1
    1               0.2460000              1.0000000        
  F     1
    1               0.1292000              1.0000000        
  F     1
    1               0.0552000              1.0000000        
  G     1
    1               0.2380000              1.0000000        
  G     1
    1               0.1050000              1.0000000        
