!
! Ne: aug-cc-pVQZ
!  [6s,5p,4d,3f,2g]
!
 S  12
  1        99920.00000         0.8600000000E-04
  2        14960.00000         0.6690000000E-03
  3        3399.000000         0.3518000000E-02
  4        958.9000000         0.1466700000E-01
  5        311.2000000         0.5096200000E-01
  6        111.7000000         0.1437440000    
  7        43.32000000         0.3045620000    
  8        17.80000000         0.4001050000    
  9        7.503000000         0.2186440000    
 10        2.337000000         0.1866400000E-01
 11       0.9001000000        -0.2167000000E-02
 12       0.3301000000         0.9510000000E-03
 S  12
  1        99920.00000        -0.2000000000E-04
  2        14960.00000        -0.1580000000E-03
  3        3399.000000        -0.8240000000E-03
  4        958.9000000        -0.3500000000E-02
  5        311.2000000        -0.1223300000E-01
  6        111.7000000        -0.3701700000E-01
  7        43.32000000        -0.8611300000E-01
  8        17.80000000        -0.1583810000    
  9        7.503000000        -0.1142880000    
 10        2.337000000         0.2981910000    
 11       0.9001000000         0.5857840000    
 12       0.3301000000         0.2724670000    
 S   1
  1        2.337000000          1.000000000    
 S   1
  1       0.9001000000          1.000000000    
 S   1
  1       0.3301000000          1.000000000    
 S   1
  1       0.105400000          1.00000000    
 P   6
  1        99.68000000         0.6566000000E-02
  2        23.15000000         0.4597900000E-01
  3        7.108000000         0.1734190000    
  4        2.441000000         0.3645710000    
  5       0.8339000000         0.4381850000    
  6       0.2662000000         0.2416800000    
 P   1
  1        2.441000000          1.000000000    
 P   1
  1       0.8339000000          1.000000000    
 P   1
  1       0.2662000000          1.000000000    
 P   1
  1       0.817800000E-01      1.00000000    
 D   1
  1        6.471000000          1.000000000    
 D   1
  1        2.213000000          1.000000000    
 D   1
  1       0.7470000000          1.000000000    
 D   1
  1       0.273000000          1.00000000    
 F   1
  1        4.657000000          1.000000000    
 F   1
  1        1.524000000          1.000000000    
 F   1
  1       0.689000000          1.00000000    
 G   1
  1        2.983000000          1.000000000    
 G   1
  1        1.22400000          1.00000000    
