! SULFUR  aug-cc-pVQZ
S   13
  1 727800.0000000              0.236025D-04     
  2 109000.0000000              0.183482D-03     
  3  24800.0000000              0.964278D-03     
  4   7014.0000000              0.406537D-02     
  5   2278.0000000              0.146973D-01     
  6    814.7000000              0.465081D-01     
  7    313.4000000              0.125508D+00     
  8    127.7000000              0.268433D+00     
  9     54.4800000              0.384809D+00     
 10     23.8500000              0.265372D+00     
 11      9.4280000              0.437326D-01     
 12      4.2900000             -0.378807D-02     
 13      1.9090000              0.218083D-02     
S   13
  1 727800.0000000             -0.652179D-05     
  2 109000.0000000             -0.506631D-04     
  3  24800.0000000             -0.266833D-03     
  4   7014.0000000             -0.112601D-02     
  5   2278.0000000             -0.411186D-02     
  6    814.7000000             -0.132454D-01     
  7    313.4000000             -0.377004D-01     
  8    127.7000000             -0.898554D-01     
  9     54.4800000             -0.167098D+00     
 10     23.8500000             -0.169354D+00     
 11      9.4280000              0.127824D+00     
 12      4.2900000              0.564862D+00     
 13      1.9090000              0.431767D+00     
S   13
  1 727800.0000000              0.189406D-05     
  2 109000.0000000              0.146948D-04     
  3  24800.0000000              0.775460D-04     
  4   7014.0000000              0.326509D-03     
  5   2278.0000000              0.119686D-02     
  6    814.7000000              0.384799D-02     
  7    313.4000000              0.110539D-01     
  8    127.7000000              0.264645D-01     
  9     54.4800000              0.508771D-01     
 10     23.8500000              0.530030D-01     
 11      9.4280000             -0.425518D-01     
 12      4.2900000             -0.250853D+00     
 13      1.9090000             -0.333152D+00     
S   1
  1      0.6270000              1.0000000        
S   1
  1      0.2873000              1.0000000        
S   1
  1      0.1172000              1.0000000        
S   1
  1      0.0428000              1.0000000        
P   8
  1   1546.0000000              0.441183D-03     
  2    366.4000000              0.377571D-02     
  3    118.4000000              0.198360D-01     
  4     44.5300000              0.742063D-01     
  5     18.3800000              0.197327D+00     
  6      7.9650000              0.351851D+00     
  7      3.5410000              0.378687D+00     
  8      1.5910000              0.170931D+00     
P   8
  1   1546.0000000             -0.113110D-03     
  2    366.4000000             -0.958581D-03     
  3    118.4000000             -0.513471D-02     
  4     44.5300000             -0.192641D-01     
  5     18.3800000             -0.535980D-01     
  6      7.9650000             -0.960333D-01     
  7      3.5410000             -0.118183D+00     
  8      1.5910000              0.923194D-02     
P   1
  1      0.6205000              1.0000000        
P   1
  1      0.2420000              1.0000000        
P   1
  1      0.0901400              1.0000000        
P   1
  1      0.0317000              1.0000000        
D   1
  1      1.2500000              1.0000000        
D   1
  1      0.5040000              1.0000000        
D   1
  1      0.2030000              1.0000000        
D   1
  1      0.0748000              1.0000000        
F   1
  1      0.8690000              1.0000000        
F   1
  1      0.3350000              1.0000000        
F   1
  1      0.1400000              1.0000000        
G   1
  1      0.6830000              1.0000000        
G   1
  1      0.2970000              1.0000000        
