basis "Mg_aug-cc-pVTZ" SPHERICAL
Mg    S
 164900.0000000              0.729929D-04          -0.184248D-04           0.355176D-05     
  24710.0000000              0.566652D-03          -0.143500D-03           0.276420D-04     
   5628.0000000              0.296269D-02          -0.748710D-03           0.144404D-03     
   1596.0000000              0.122962D-01          -0.314407D-02           0.605744D-03     
    521.0000000              0.427324D-01          -0.110481D-01           0.213527D-02     
    188.0000000              0.123013D+00          -0.336058D-01           0.649934D-02     
     73.0100000              0.274832D+00          -0.825946D-01           0.161446D-01     
     29.9000000              0.401818D+00          -0.159314D+00           0.315766D-01     
     12.5400000              0.264697D+00          -0.152888D+00           0.316374D-01     
      4.3060000              0.332612D-01           0.190849D+00          -0.439140D-01     
      1.8260000             -0.441335D-02           0.579964D+00          -0.151093D+00     
      0.7417000              0.206024D-02           0.372029D+00          -0.217668D+00     
      0.0761200              0.708195D-03          -0.119344D-01           0.547245D+00     
Mg    S
      0.1457000              1.0000000        
Mg    S
      0.0331000              1.0000000        
Mg    S
      0.0129000              1.0000000        
Mg    P
    316.9000000              0.207532D-02          -0.329727D-03     
     74.8600000              0.162869D-01          -0.258754D-02     
     23.7200000              0.738697D-01          -0.119120D-01     
      8.6690000              0.214297D+00          -0.350227D-01     
      3.3630000              0.382154D+00          -0.639968D-01     
      1.3100000              0.398178D+00          -0.704436D-01     
      0.4911000              0.152878D+00          -0.375836D-01     
      0.2364000             -0.437540D-02           0.177043D+00     
Mg    P
      0.0873300              1.0000000        
Mg    P
      0.0323700              1.0000000        
Mg    P
      0.0074500              1.0000000        
Mg    D
      0.2940000              1.0000000        
Mg    D
      0.1260000              1.0000000        
Mg    D
      0.0468000              1.0000000        
Mg    F
      0.2520000              1.0000000        
Mg    F
      0.0940000              1.0000000        
end
