basis "Na_aug-cc-pVTZ" SPHERICAL
Na    S
 423000.0000000              0.180618D-04          -0.440653D-05           0.663019D-06     
  63340.0000000              0.140430D-03          -0.343443D-04           0.515769D-05     
  14410.0000000              0.738438D-03          -0.180114D-03           0.271250D-04     
   4077.0000000              0.311182D-02          -0.763900D-03           0.114635D-03     
   1328.0000000              0.112081D-01          -0.275248D-02           0.415118D-03     
    478.6000000              0.352828D-01          -0.886016D-02           0.132978D-02     
    186.2000000              0.959897D-01          -0.247939D-01           0.375595D-02     
     76.9200000              0.213735D+00          -0.605995D-01           0.914025D-02     
     33.3200000              0.348688D+00          -0.116446D+00           0.179859D-01     
     15.0000000              0.324566D+00          -0.162437D+00           0.251477D-01     
      6.8690000              0.112633D+00          -0.438891D-01           0.763522D-02     
      2.6830000              0.706797D-02           0.337917D+00          -0.614589D-01     
      1.1090000              0.598010D-03           0.561347D+00          -0.115721D+00     
      0.0601500             -0.530870D-05           0.406754D-02           0.626406D+00     
Na    S
      0.4540000              1.0000000        
Na    S
      0.0238200              1.0000000        
Na    S
      0.0066500              1.0000000        
Na    P
    243.3000000              0.224392D-02          -0.222401D-03     
     57.3900000              0.173997D-01          -0.174277D-02     
     18.1000000              0.774125D-01          -0.775456D-02     
      6.5750000              0.219102D+00          -0.225187D-01     
      2.5210000              0.378522D+00          -0.384330D-01     
      0.9607000              0.394902D+00          -0.450177D-01     
      0.3512000              0.160424D+00          -0.192132D-01     
      0.0982700              0.233311D-02           0.182697D+00     
Na    P
      0.0373400              1.0000000        
Na    P
      0.0150000              1.0000000        
Na    P
      0.0070000              1.0000000        
Na    D
      0.1367000              1.0000000        
Na    D
      0.0636000              1.0000000        
Na    D
      0.0223000              1.0000000        
Na    F
      0.1397000              1.0000000        
Na    F
      0.0714000              1.0000000        
end

