basis "Si_aug-cc-pVTZ" SPHERICAL
Si    S
 254900.0000000              0.625101D-04          -0.166370D-04           0.426257D-05     
  38190.0000000              0.485553D-03          -0.129310D-03           0.331062D-04     
   8690.0000000              0.254516D-02          -0.678828D-03           0.174015D-03     
   2462.0000000              0.105866D-01          -0.284117D-02           0.727574D-03     
    804.8000000              0.368787D-01          -0.100551D-01           0.258333D-02     
    291.3000000              0.107479D+00          -0.305774D-01           0.786354D-02     
    113.6000000              0.247936D+00          -0.777256D-01           0.202155D-01     
     46.7500000              0.390927D+00          -0.154236D+00           0.407320D-01     
     19.8200000              0.302026D+00          -0.180368D+00           0.499358D-01     
      7.7080000              0.559236D-01           0.798218D-01          -0.249396D-01     
      3.3400000             -0.402406D-02           0.547441D+00          -0.190350D+00     
      1.4020000              0.258030D-02           0.480119D+00          -0.318350D+00     
      0.2070000              0.607930D-03          -0.106996D-01           0.681180D+00     
Si    S
      0.4387000              1.0000000        
Si    S
      0.0794400              1.0000000        
Si    S
      0.0330000              1.0000000        
Si    P
    481.5000000              0.192045D-02          -0.405220D-03     
    113.9000000              0.153552D-01          -0.335896D-02     
     36.2300000              0.713991D-01          -0.152860D-01     
     13.3400000              0.213052D+00          -0.489218D-01     
      5.2520000              0.390354D+00          -0.855008D-01     
      2.1200000              0.393721D+00          -0.112137D+00     
      0.2528000              0.395630D-02           0.551919D+00     
Si    P
      0.8561000              1.0000000        
Si    P
      0.0788900              1.0000000        
Si    P
      0.0237000              1.0000000        
Si    D
      0.1590000              1.0000000        
Si    D
      0.4810000              1.0000000        
Si    D
      0.0556000              1.0000000        
Si    F
      0.3360000              1.0000000        
Si    F
      0.1250000              1.0000000        
end
