! br def2-QZVPP
!
   4  s
  18095.306651      0.14506290520
  8408.8418054      0.57914268600E-01
  4014.7685139      0.41229943020
  1967.7342548      0.48231698540
   1  s
  989.10621810      0.75695587490
   1  s
  509.37696250       1.0000000000
   1  s
  268.45069660       1.0000000000
   1  s
  144.60619430       1.0000000000
   1  s
  79.512228000       1.0000000000
   1  s
  44.564895700       1.0000000000
   1  s
  25.422121000       1.0000000000
   1  s
  14.736715700       1.0000000000
   1  s
  8.6663048000       1.0000000000
   1  s
  5.1612221000       1.0000000000
   1  s
  3.1071865000       1.0000000000
   1  s
  1.8873939000       1.0000000000
   1  s
  1.1545163000       1.0000000000
   1  s
 0.70978000000       1.0000000000
   1  s
 0.43768780000       1.0000000000
   1  s
 0.27017490000       1.0000000000
   2  p
  3076.1003663      0.16516913640
  1316.0389161      0.36872103550
   1  p
  577.11225560      0.91474802780
   1  p
  258.98790940       1.0000000000
   1  p
  118.73403350       1.0000000000
   1  p
  55.506313200       1.0000000000
   1  p
  26.407304600       1.0000000000
   1  p
  12.758945400       1.0000000000
   1  p
  6.2468981000       1.0000000000
   1  p
  3.0923127000       1.0000000000
   1  p
  1.5440040000       1.0000000000
   1  p
 0.77572730000       1.0000000000
   1  p
 0.39119680000       1.0000000000
   1  p
 0.19752610000       1.0000000000
   2  d
  826.57090330      0.26185277420
  298.35450060      0.96510783060
   1  d
  133.24663470       1.0000000000
   1  d
  63.670862400       1.0000000000
   1  d
  29.183414800       1.0000000000
   1  d
  13.061101800       1.0000000000
   1  d
  6.4290003000       1.0000000000
   1  d
  3.1059673000       1.0000000000
   1  d
  1.5194996000       1.0000000000
   1  d
 0.75074290000       1.0000000000
   1  d
 0.37356830000       1.0000000000
   1  d
 0.18668630000       1.0000000000
   1  d
 0.93428100000E-01   1.0000000000
   2  f
  313.25257010      0.22693818380
  120.08071100      0.97390916450
   1  f
  55.096696300       1.0000000000
   1  f
  27.041381900       1.0000000000
   1  f
  13.017646500       1.0000000000
   1  f
  6.2809991000       1.0000000000
   1  f
  2.8802464000       1.0000000000
   1  f
  1.3853710000       1.0000000000
   1  f
 0.73729230000       1.0000000000
   1  f
 0.36492270000       1.0000000000
   2  g
  112.13741210      0.19755964640
  42.959550200      0.98029086810
   1  g
  18.858800200       1.0000000000
   1  g
  8.5794370000       1.0000000000
   1  g
  3.9274925000       1.0000000000
   1  g
  1.6240220000       1.0000000000
   1  g
 0.76155100000       1.0000000000
   1  h
  9.4347027000       1.0000000000
   1  h
  3.1449009000       1.0000000000
   1  h
  1.0483003000       1.0000000000
