! li def2-QZVPP
!
   4  s
  188.56998650      0.59285056600E-01
  57.062030900      0.18260726540
  19.061045700      0.49617981420
  6.9971625000      0.73513933910
   1  s
  2.8033030000      0.42013761170
   1  s
  1.2138450000       1.0000000000
   1  s
 0.56084720000       1.0000000000
   1  s
 0.27217160000       1.0000000000
   1  s
 0.13619220000       1.0000000000
   1  s
 0.68863800000E-01   1.0000000000
   3  p
  9.0816823000      0.31000416350
  3.4212207000      0.56098701260
  1.4152012000      0.65679012740
   1  p
 0.63373280000      0.39114812890
   1  p
 0.30157170000     -0.69432414300E-01
   1  p
 0.14911410000       1.0000000000
   1  p
 0.74703300000E-01   1.0000000000
   2  d
  1.3650595000      0.64326056650
 0.67666500000      0.66866171520
   1  d
 0.33881780000     -0.21562669730
   1  d
 0.17022570000      0.25229505830
   1  f
 0.60590120000       1.0000000000
   1  f
 0.17311460000       1.0000000000
