basis "Ar_aug-cc-pVQZ" SPHERICAL
Ar    S
 950600.0000000              0.227545D-04          -0.646201D-05           0.202056D-05     
 142300.0000000              0.176945D-03          -0.502346D-04           0.156851D-04     
  32360.0000000              0.931282D-03          -0.264804D-03           0.828617D-04     
   9145.0000000              0.392860D-02          -0.111895D-02           0.349264D-03     
   2970.0000000              0.142064D-01          -0.408276D-02           0.127976D-02     
   1064.0000000              0.448114D-01          -0.131216D-01           0.410365D-02     
    410.8000000              0.121001D+00          -0.372855D-01           0.117789D-01     
    168.0000000              0.260579D+00          -0.894709D-01           0.283868D-01     
     71.9900000              0.381364D+00          -0.168054D+00           0.552406D-01     
     31.6700000              0.276058D+00          -0.179594D+00           0.607492D-01     
     12.8900000              0.505179D-01           0.102953D+00          -0.362012D-01     
      5.9290000             -0.359866D-02           0.562630D+00          -0.275398D+00     
      2.6780000              0.218798D-02           0.450355D+00          -0.362845D+00     
Ar    S
      0.9416000              1.0000000        
Ar    S
      0.4239000              1.0000000        
Ar    S
      0.1714000              1.0000000        
Ar    S
      0.0610000              1.0000000        
Ar    P
   1890.0000000              0.495752D-03          -0.138863D-03     
    447.8000000              0.425172D-02          -0.118870D-02     
    144.6000000              0.223277D-01          -0.632553D-02     
     54.4600000              0.830878D-01          -0.238813D-01     
     22.5100000              0.217110D+00          -0.649238D-01     
      9.7740000              0.374507D+00          -0.115444D+00     
      4.3680000              0.366445D+00          -0.123651D+00     
      1.9590000              0.129245D+00           0.649055D-01     
Ar    P
      0.8260000              1.0000000        
Ar    P
      0.3297000              1.0000000        
Ar    P
      0.1242000              1.0000000        
Ar    P
      0.0435000              1.0000000        
Ar    D
      0.3110000              1.0000000        
Ar    D
      0.7630000              1.0000000        
Ar    D
      1.8730000              1.0000000        
Ar    D
      0.1160000              1.0000000        
Ar    F
      0.5430000              1.0000000        
Ar    F
      1.3250000              1.0000000        
Ar    F
      0.2940000              1.0000000        
Ar    G
      1.0070000              1.0000000        
Ar    G
      0.4590000              1.0000000        
end
