basis "Br_aug-cc-pVQZ" SPHERICAL
! BASIS SET: (22s,17p,13d,3f,2g) -> [8s,7p,5d,3f,2g]
Br    S
 16475000.0000000            0.0000034             -0.0000011              0.0000004             -0.0000001        
 2466600.0000000             0.0000267             -0.0000084              0.0000033             -0.0000010        
 561310.0000000              0.0001404             -0.0000441              0.0000175             -0.0000054        
 158990.0000000              0.0005927             -0.0001862              0.0000740             -0.0000227        
  51869.0000000              0.0021561             -0.0006783              0.0002697             -0.0000827        
  18726.0000000              0.0069959             -0.0022122              0.0008799             -0.0002694        
   7303.6000000              0.0205645             -0.0065752              0.0026198             -0.0008042        
   3029.1000000              0.0545893             -0.0179328              0.0071671             -0.0021949        
   1320.8000000              0.1275226             -0.0443321              0.0178561             -0.0054939        
    600.0300000              0.2459780             -0.0963478              0.0393960             -0.0120960        
    281.9000000              0.3436508             -0.1696814              0.0717102             -0.0222623        
    135.5400000              0.2702530             -0.1920769              0.0858877             -0.0266063        
     64.8700000              0.0744795              0.0208731             -0.0103861              0.0027580        
     32.1290000              0.0008787              0.4744996             -0.3040135              0.1016803        
     16.0370000              0.0015755              0.5214907             -0.4933178              0.1704132        
      7.7849000             -0.0007602              0.1348001              0.0160890             -0.0062220        
      3.7247000              0.0003211              0.0036614              0.7146686             -0.3452570        
      1.7583000             -0.0001586              0.0018840              0.4904795             -0.4234840        
Br    S
      0.5833100              1.0000000        
Br    S
      0.2785600              1.0000000        
Br    S
      0.1182900              1.0000000        
Br    S
      0.0442700              1.0000000        
Br    P
  26607.0000000              0.0000619             -0.0000248              0.0000064        
   6298.2000000              0.0005499             -0.0002212              0.0000572        
   2045.2000000              0.0031620             -0.0012736              0.0003297        
    782.1600000              0.0137979             -0.0056179              0.0014562        
    331.6300000              0.0479812             -0.0198600              0.0051591        
    151.1100000              0.1315710             -0.0565531              0.0147617        
     72.3920000              0.2685861             -0.1209479              0.0317694        
     35.8620000              0.3683473             -0.1773098              0.0470680        
     18.1340000              0.2711363             -0.0921472              0.0223871        
      9.0430000              0.0762222              0.2187683             -0.0720254        
      4.4500000              0.0046749              0.4854670             -0.1626429        
      2.1661000              0.0012565              0.3721970             -0.1496503        
      0.9962800             -0.0002357              0.0776907              0.1064517        
Br    P
      0.4544300              1.0000000        
Br    P
      0.1940400              1.0000000        
Br    P
      0.0789970              1.0000000        
Br    P
      0.0305130              1.0000000        
Br    D
   1289.6000000              0.0001190        
    389.7500000              0.0011551        
    151.7600000              0.0067648        
     67.2230000              0.0273017        
     31.9130000              0.0809298        
     15.8570000              0.1794011        
      8.0545000              0.2840086        
      4.0887000              0.3266797        
      2.0556000              0.2584900        
Br    D
      0.9950900              1.0000000        
Br    D
      0.4231300              1.0000000        
Br    D
      0.1779000              1.0000000        
Br    D
      0.0829000              1.0000000        
Br    F
      0.8257000              1.0000000        
Br    F
      0.3407000              1.0000000        
Br    F
      0.1748000              1.0000000        
Br    G
      0.6491000              1.0000000        
Br    G
      0.3110000              1.0000000        
end
