basis "Cl_aug-cc-pVQZ" SPHERICAL
Cl    S
 834900.0000000              0.231688D-04          -0.649649D-05           0.196645D-05     
 125000.0000000              0.180154D-03          -0.504895D-04           0.152620D-04     
  28430.0000000              0.947782D-03          -0.266113D-03           0.806086D-04     
   8033.0000000              0.400139D-02          -0.112499D-02           0.339960D-03     
   2608.0000000              0.144629D-01          -0.410497D-02           0.124551D-02     
    933.9000000              0.456586D-01          -0.131987D-01           0.399612D-02     
    360.0000000              0.123248D+00          -0.375342D-01           0.114751D-01     
    147.0000000              0.264369D+00          -0.897233D-01           0.275504D-01     
     62.8800000              0.382989D+00          -0.167671D+00           0.532917D-01     
     27.6000000              0.270934D+00          -0.174763D+00           0.571246D-01     
     11.0800000              0.471404D-01           0.114909D+00          -0.395201D-01     
      5.0750000             -0.371766D-02           0.563618D+00          -0.264343D+00     
      2.2780000              0.219158D-02           0.441606D+00          -0.349291D+00     
Cl    S
      0.7775000              1.0000000        
Cl    S
      0.3527000              1.0000000        
Cl    S
      0.1431000              1.0000000        
Cl    S
      0.0519000              1.0000000        
Cl    P
   1703.0000000              0.474039D-03          -0.128266D-03     
    403.6000000              0.406412D-02          -0.109356D-02     
    130.3000000              0.213355D-01          -0.583429D-02     
     49.0500000              0.794611D-01          -0.219258D-01     
     20.2600000              0.208927D+00          -0.601385D-01     
      8.7870000              0.364945D+00          -0.106929D+00     
      3.9190000              0.371725D+00          -0.122454D+00     
      1.7650000              0.146292D+00           0.383619D-01     
Cl    P
      0.7207000              1.0000000        
Cl    P
      0.2839000              1.0000000        
Cl    P
      0.1060000              1.0000000        
Cl    P
      0.0376000              1.0000000        
Cl    D
      1.5510000              1.0000000        
Cl    D
      0.6280000              1.0000000        
Cl    D
      0.2540000              1.0000000        
Cl    D
      0.0952000              1.0000000        
Cl    F
      1.0890000              1.0000000        
Cl    F
      0.4230000              1.0000000        
Cl    F
      0.2170000              1.0000000        
Cl    G
      0.8270000              1.0000000        
Cl    G
      0.3780000              1.0000000        
end
