basis "Mg_aug-cc-pVQZ" SPHERICAL
Mg    S
 327600.0000000              0.309608D-04          -0.783173D-05           0.150908D-05     
  49050.0000000              0.240954D-03          -0.607935D-04           0.117134D-04     
  11150.0000000              0.126660D-02          -0.321197D-03           0.618980D-04     
   3152.0000000              0.533359D-02          -0.134955D-02           0.260088D-03     
   1025.0000000              0.190770D-01          -0.490570D-02           0.946218D-03     
    368.8000000              0.588058D-01          -0.153561D-01           0.296595D-02     
    143.2000000              0.151454D+00          -0.423409D-01           0.821245D-02     
     58.9600000              0.300716D+00          -0.940603D-01           0.183977D-01     
     25.4000000              0.381149D+00          -0.163425D+00           0.326657D-01     
     11.1500000              0.213584D+00          -0.124754D+00           0.257315D-01     
      4.0040000              0.231210D-01           0.235623D+00          -0.535351D-01     
      1.7010000             -0.230757D-02           0.577563D+00          -0.156895D+00     
      0.7060000              0.128900D-02           0.335232D+00          -0.206659D+00     
Mg    S
      0.1410000              1.0000000        
Mg    S
      0.0680800              1.0000000        
Mg    S
      0.0306300              1.0000000        
Mg    S
      0.0123900              1.0000000        
Mg    P
    539.6000000              0.833969D-03          -0.132076D-03     
    127.9000000              0.689215D-02          -0.109538D-02     
     41.0200000              0.337874D-01          -0.539495D-02     
     15.2500000              0.114401D+00          -0.185572D-01     
      6.1660000              0.259514D+00          -0.427375D-01     
      2.5610000              0.385095D+00          -0.647684D-01     
      1.0600000              0.335373D+00          -0.627818D-01     
      0.4176000              0.110641D+00          -0.244912D-01     
      0.2690000             -0.121315D-01           0.104761D+00     
Mg    P
      0.1223000              1.0000000        
Mg    P
      0.0547600              1.0000000        
Mg    P
      0.0238800              1.0000000        
Mg    P
      0.0070600              1.0000000        
Mg    D
      0.1060000              1.0000000        
Mg    D
      0.1944000              1.0000000        
Mg    D
      0.3570000              1.0000000        
Mg    D
      0.0382000              1.0000000        
Mg    F
      0.1810000              1.0000000        
Mg    F
      0.3590000              1.0000000        
Mg    F
      0.0700000              1.0000000        
Mg    G
      0.3070000              1.0000000        
Mg    G
      0.1480000              1.0000000        
end
