basis "P_aug-cc-pVQZ" SPHERICAL
P    S
 615200.0000000              0.247450D-04          -0.672205D-05           0.184740D-05     
  92120.0000000              0.192465D-03          -0.522311D-04           0.143380D-04     
  20950.0000000              0.101202D-02          -0.275361D-03           0.757228D-04     
   5920.0000000              0.427261D-02          -0.116307D-02           0.319205D-03     
   1922.0000000              0.154161D-01          -0.424281D-02           0.116851D-02     
    688.0000000              0.485976D-01          -0.136114D-01           0.374267D-02     
    265.0000000              0.130060D+00          -0.385114D-01           0.106817D-01     
    108.2000000              0.274514D+00          -0.906643D-01           0.252657D-01     
     46.2200000              0.385402D+00          -0.166584D+00           0.479283D-01     
     20.2300000              0.255934D+00          -0.161447D+00           0.477096D-01     
      7.8590000              0.391237D-01           0.146781D+00          -0.466525D-01     
      3.5470000             -0.368010D-02           0.566682D+00          -0.234968D+00     
      1.5640000              0.208211D-02           0.416433D+00          -0.311337D+00     
P    S
      0.4888000              1.0000000        
P    S
      0.2266000              1.0000000        
P    S
      0.0933100              1.0000000        
P    S
      0.0354000              1.0000000        
P    P
   1367.0000000              0.421015D-03          -0.100827D-03     
    324.0000000              0.360985D-02          -0.854499D-03     
    104.6000000              0.189217D-01          -0.457116D-02     
     39.3700000              0.705560D-01          -0.170327D-01     
     16.2600000              0.188157D+00          -0.475204D-01     
      7.0560000              0.338709D+00          -0.852786D-01     
      3.1300000              0.381943D+00          -0.109676D+00     
      1.3940000              0.195261D+00          -0.161181D-01     
P    P
      0.5179000              1.0000000        
P    P
      0.2032000              1.0000000        
P    P
      0.0769800              1.0000000        
P    P
      0.0272000              1.0000000        
P    D
      0.1650000              1.0000000        
P    D
      0.4130000              1.0000000        
P    D
      1.0360000              1.0000000        
P    D
      0.0594000              1.0000000        
P    F
      0.2800000              1.0000000        
P    F
      0.7030000              1.0000000        
P    F
      0.1090000              1.0000000        
P    G
      0.5970000              1.0000000        
P    G
      0.2500000              1.0000000        
end
