basis "S_aug-cc-pVQZ" SPHERICAL
S    S
 727800.0000000              0.236025D-04          -0.652179D-05           0.189406D-05     
 109000.0000000              0.183482D-03          -0.506631D-04           0.146948D-04     
  24800.0000000              0.964278D-03          -0.266833D-03           0.775460D-04     
   7014.0000000              0.406537D-02          -0.112601D-02           0.326509D-03     
   2278.0000000              0.146973D-01          -0.411186D-02           0.119686D-02     
    814.7000000              0.465081D-01          -0.132454D-01           0.384799D-02     
    313.4000000              0.125508D+00          -0.377004D-01           0.110539D-01     
    127.7000000              0.268433D+00          -0.898554D-01           0.264645D-01     
     54.4800000              0.384809D+00          -0.167098D+00           0.508771D-01     
     23.8500000              0.265372D+00          -0.169354D+00           0.530030D-01     
      9.4280000              0.437326D-01           0.127824D+00          -0.425518D-01     
      4.2900000             -0.378807D-02           0.564862D+00          -0.250853D+00     
      1.9090000              0.218083D-02           0.431767D+00          -0.333152D+00     
S    S
      0.6270000              1.0000000        
S    S
      0.2873000              1.0000000        
S    S
      0.1172000              1.0000000        
S    S
      0.0428000              1.0000000        
S    P
   1546.0000000              0.441183D-03          -0.113110D-03     
    366.4000000              0.377571D-02          -0.958581D-03     
    118.4000000              0.198360D-01          -0.513471D-02     
     44.5300000              0.742063D-01          -0.192641D-01     
     18.3800000              0.197327D+00          -0.535980D-01     
      7.9650000              0.351851D+00          -0.960333D-01     
      3.5410000              0.378687D+00          -0.118183D+00     
      1.5910000              0.170931D+00           0.923194D-02     
S    P
      0.6205000              1.0000000        
S    P
      0.2420000              1.0000000        
S    P
      0.0901400              1.0000000        
S    P
      0.0317000              1.0000000        
S    D
      0.2030000              1.0000000        
S    D
      0.5040000              1.0000000        
S    D
      1.2500000              1.0000000        
S    D
      0.0748000              1.0000000        
S    F
      0.3350000              1.0000000        
S    F
      0.8690000              1.0000000        
S    F
      0.1400000              1.0000000        
S    G
      0.6830000              1.0000000        
S    G
      0.2970000              1.0000000        
end
