basis "Si_aug-cc-pVQZ" SPHERICAL
Si    S
 513000.0000000              0.260920D-04          -0.694880D-05           0.178068D-05     
  76820.0000000              0.202905D-03          -0.539641D-04           0.138148D-04     
  17470.0000000              0.106715D-02          -0.284716D-03           0.730005D-04     
   4935.0000000              0.450597D-02          -0.120203D-02           0.307666D-03     
   1602.0000000              0.162359D-01          -0.438397D-02           0.112563D-02     
    574.1000000              0.508913D-01          -0.139776D-01           0.358435D-02     
    221.5000000              0.135155D+00          -0.393516D-01           0.101728D-01     
     90.5400000              0.281292D+00          -0.914283D-01           0.237520D-01     
     38.7400000              0.385336D+00          -0.165609D+00           0.443483D-01     
     16.9500000              0.245651D+00          -0.152505D+00           0.419041D-01     
      6.4520000              0.343145D-01           0.168524D+00          -0.502504D-01     
      2.8740000             -0.334884D-02           0.569284D+00          -0.216578D+00     
      1.2500000              0.187625D-02           0.398056D+00          -0.286448D+00     
Si    S
      0.3599000              1.0000000        
Si    S
      0.1699000              1.0000000        
Si    S
      0.0706600              1.0000000        
Si    S
      0.0275000              1.0000000        
Si    P
   1122.0000000              0.448143D-03          -0.964883D-04     
    266.0000000              0.381639D-02          -0.811971D-03     
     85.9200000              0.198105D-01          -0.430087D-02     
     32.3300000              0.727017D-01          -0.157502D-01     
     13.3700000              0.189839D+00          -0.429541D-01     
      5.8000000              0.335672D+00          -0.752574D-01     
      2.5590000              0.379365D+00          -0.971446D-01     
      1.1240000              0.201193D+00          -0.227507D-01     
Si    P
      0.3988000              1.0000000        
Si    P
      0.1533000              1.0000000        
Si    P
      0.0572800              1.0000000        
Si    P
      0.0200000              1.0000000        
Si    D
      0.1200000              1.0000000        
Si    D
      0.3020000              1.0000000        
Si    D
      0.7600000              1.0000000        
Si    D
      0.0435000              1.0000000        
Si    F
      0.2120000              1.0000000        
Si    F
      0.5410000              1.0000000        
Si    F
      0.0846000              1.0000000        
Si    G
      0.4610000              1.0000000        
Si    G
      0.2120000              1.0000000        
end
