! b def-TZVPP
!
  1  s
    441.88913157     1.0
  1  s
    92.069629785     1.0
  1  s
    29.978448517     1.0
  1  s
    11.426330790     1.0
  1  s
    4.3808722439     1.0
  1  s
    2.0594033542     1.0
  1  s
    0.90115717578     1.0
  1  s
    0.52455288939     1.0
  1  s
    0.24634725959     1.0
  1  s
    0.12085805961     1.0
  1  p
    229.95115195     1.0
  1  p
    36.381694756     1.0
  1  p
    12.119796695     1.0
  1  p
    3.8441129406     1.0
  1  p
    1.1002761183     1.0
  1  p
    0.39733117993     1.0
  1  p
    0.13514765422     1.0
  1  d
    9.3643373880     1.0
  1  d
    3.1035657986     1.0
  1  d
    1.2006835120     1.0
  1  d
    0.40829624602     1.0
  1  d
    0.13188304180     1.0            
   1  f
   .72359124433600000000      1.0
   1  f
   .26159124433600000000      1.0
   1  g
   .55259124433600000000      1.0   
