! br def-TZVPP
!
   3  s    
  40743.582696      0.82819206326E-01
  8836.9992943      0.33024476964
  2867.8428015      0.80999790929
   1  s
  1125.8702577       1.0000000000
   1  s
  492.27094145       1.0000000000
   1  s
  211.31569981       1.0000000000
   1  s
  97.796262706       1.0000000000
   1  s
  51.175594329       1.0000000000
   1  s
  26.507732538       1.0000000000
   1  s
  14.479718966       1.0000000000
   1  s
  6.6987578947       1.0000000000
   1  s
  3.3777286544       1.0000000000
   1  s
  1.8272648647       1.0000000000
   1  s
 0.85235747352       1.0000000000
   1  s
 0.40687568806       1.0000000000
   1  s
 0.18575840843       1.0000000000
   2  p
  4686.8414735      0.22460673292
  1415.2446847      0.88161114707
   1  p
  570.46385595       1.7969788423
   1  p
  256.29264007       1.0000000000
   1  p
  114.33739695       1.0000000000
   1  p
  58.454469691       1.0000000000
   1  p
  31.140957959       1.0000000000
   1  p
  16.114624344       1.0000000000
   1  p
  8.6458990993       1.0000000000
   1  p
  4.6023310110       1.0000000000
   1  p
  2.3376539826       1.0000000000
   1  p
  1.0026973279       1.0000000000
   1  p
 0.56101662578       1.0000000000
   1  p
 0.29077785173       1.0000000000
   2  d
  974.14446452      0.22700217966
  323.93437794       1.0066065000
   1  d
  139.23520401       1.0000000000
   1  d
  67.820638062       1.0000000000
   1  d
  35.194133286       1.0000000000
   1  d
  18.142069670       1.0000000000
   1  d
  9.3549795429       1.0000000000
   1  d
  4.8733310736       1.0000000000
   1  d
  2.4336865424       1.0000000000
   1  d
  1.0950884540       1.0000000000
   1  d
 0.52451667140       1.0000000000
   1  d
 0.23758646400       1.0000000000
   2  f
  273.51648676      0.43428435571
  103.48677966       1.5040120998
   1  f
  46.828517033       1.0000000000
   1  f
  22.091170407       1.0000000000
   1  f
  11.306677893       1.0000000000
   1  f
  5.8509213893       1.0000000000
   1  f
  3.0030205846       1.0000000000
   1  f
  1.3599193738       1.0000000000
   4  g
  80.344196776      0.66722546688
  30.619883456       2.0668810982
  13.816587528       2.3510199010
  6.6206490273       1.1997354994
   1  g
  3.1841127787       1.0000000000
   1  g
  1.2508674073       1.0000000000
   1  f
   .70214238671000000000      1.0
   1  f
   .35380073671000000000      1.0
   1  g
   .70431895671000000000      1.0
