! c def-TZVPP
!
  1  s
    1113.9867719     1.0
  1  s
    369.16234180     1.0
  1  s
    121.79275232     1.0
  1  s
    48.127114540     1.0
  1  s
    20.365074004     1.0
  1  s
    8.0883596856     1.0
  1  s
    2.5068656570     1.0
  1  s
    1.2438537380     1.0
  1  s
    0.48449899601     1.0
  1  s
    0.19185160296     1.0
  1  p
    102.99176249     1.0
  1  p
    28.132594009     1.0
  1  p
    9.8364318173     1.0
  1  p
    3.3490544980     1.0
  1  p
    1.4947618613     1.0
  1  p
    0.57690108899     1.0
  1  p
    0.20320063291     1.0
  1  d
    10.594068356     1.0
  1  d
    3.5997195366     1.0
  1  d
    1.3355691094     1.0
  1  d
    0.51949764954     1.0
  1  d
    0.19954125200     1.0      
   1  f
   1.19486633836900000000      1.0
   1  f
   .41586633836900000000      1.0
   1  g
   .85886633836900000000      1.0        
