! cl def-TZVPP
!
  1  s
    7082.7970581     1.0
  1  s
    2109.3095076     1.0
  1  s
    768.41281873     1.0
  1  s
    284.79255416     1.0
  1  s
    116.55331731     1.0
  1  s
    46.394820985     1.0
  1  s
    21.956303390     1.0
  1  s
    9.9930272138     1.0
  1  s
    4.7199459556     1.0
  1  s
    2.6573396159     1.0
  1  s
    1.0813481129     1.0
  1  s
    0.53154679199     1.0
  1  s
    0.23367039059     1.0
  1  p
    973.73528509     1.0
  1  p
    278.99109347     1.0
  1  p
    105.88644516     1.0
  1  p
    45.231846876     1.0
  1  p
    20.289166152     1.0
  1  p
    9.5829383791     1.0
  1  p
    4.4641678563     1.0
  1  p
    2.3625612120     1.0
  1  p
    1.1491964243     1.0
  1  p
    0.60310217244     1.0
  1  p
    0.30590911334     1.0
  1  d
    204.38030063     1.0
  1  d
    63.693893315     1.0
  1  d
    25.726668979     1.0
  1  d
    11.602467273     1.0
  1  d
    5.4574541509     1.0
  1  d
    2.8838397619     1.0
  1  d
    1.3394023625     1.0
  1  d
    0.61649222177     1.0
  1  d
    0.27470143212     1.0
   1  f
   4.2040664          1.0
   1  f
   1.20116183076000000000      1.0
   1  f
   .49916183076000000000      1.0
   1  g
   .86116183076000000000      1.0
