! f def-TZVPP
!
  1  s
    1885.0661216     1.0
  1  s
    623.75582297     1.0
  1  s
    227.92405029     1.0
  1  s
    82.184178773     1.0
  1  s
    32.628937583     1.0
  1  s
    12.783279578     1.0
  1  s
    5.6589257943     1.0
  1  s
    2.3208306681     1.0
  1  s
    1.0191520908     1.0
  1  s
    0.42196699118     1.0
  1  p
    153.72069768     1.0
  1  p
    45.390450866     1.0
  1  p
    16.785845772     1.0
  1  p
    6.7293857800     1.0
  1  p
    2.6694607033     1.0
  1  p
    1.1049787101     1.0
  1  p
    0.45727703601     1.0
  1  d
    24.869685349     1.0
  1  d
    7.5554441579     1.0
  1  d
    2.8268499237     1.0
  1  d
    1.1123341279     1.0
  1  d
    0.43877754231     1.0          
   1  f
   3.33539640054000000000      1.0
   1  f
   1.08339640054000000000      1.0
   1  g
   2.14539640054000000000      1.0 
