! n def-TZVPP
!
  1  s
    1102.8622453     1.0
  1  s
    370.98041153     1.0
  1  s
    136.73555938     1.0
  1  s
    50.755871924     1.0
  1  s
    20.535656095     1.0
  1  s
    7.8318737184     1.0
  1  s
    3.4784063855     1.0
  1  s
    1.4552856603     1.0
  1  s
    0.63068989071     1.0
  1  s
    0.27276596483     1.0
  1  p
    93.540954073     1.0
  1  p
    29.524019527     1.0
  1  p
    10.917502987     1.0
  1  p
    4.3449288991     1.0
  1  p
    1.8216912640     1.0
  1  p
    0.75792424494     1.0
  1  p
    0.28241469033     1.0
  1  d
    16.419378926     1.0
  1  d
    5.0104049385     1.0
  1  d
    1.9793971884     1.0
  1  d
    0.78495771518     1.0
  1  d
    0.28954065963     1.0        
   1  f
   1.79354239843000000000      1.0
   1  f
   .60854239843000000000      1.0
   1  g
   1.23254239843000000000      1.0    
