! o def-TZVPP
!
  1  s
    1517.8667506     1.0
  1  s
    489.67952008     1.0
  1  s
    176.72118665     1.0
  1  s
    63.792233137     1.0
  1  s
    25.366499130     1.0
  1  s
    9.9135491200     1.0
  1  s
    4.4645306584     1.0
  1  s
    1.8017743661     1.0
  1  s
    0.80789710965     1.0
  1  s
    0.33864326862     1.0
  1  p
    120.16030921     1.0
  1  p
    34.409622474     1.0
  1  p
    12.581148610     1.0
  1  p
    5.0663824249     1.0
  1  p
    2.0346927092     1.0
  1  p
    0.86092967212     1.0
  1  p
    0.36681356726     1.0
  1  d
    19.043062805     1.0
  1  d
    5.8060381104     1.0
  1  d
    2.1891841580     1.0
  1  d
    0.87794613558     1.0
  1  d
    0.35623646700     1.0             
   1  f
   2.49391478813500000000      1.0
   1  f
   .82491478813500000000      1.0
   1  g
   1.60791478813500000000      1.0  
