! s def-TZVPP
!
  1  s
    6402.4580816     1.0
  1  s
    1704.9249408     1.0
  1  s
    598.09038904     1.0
  1  s
    225.90920364     1.0
  1  s
    94.426261909     1.0
  1  s
    37.222420840     1.0
  1  s
    18.259106532     1.0
  1  s
    8.7937857291     1.0
  1  s
    4.4619424717     1.0
  1  s
    2.2735987703     1.0
  1  s
    0.78075394724     1.0
  1  s
    0.48191153763     1.0
  1  s
    0.21573555055     1.0
  1  p
    796.16481618     1.0
  1  p
    226.17928266     1.0
  1  p
    85.598645757     1.0
  1  p
    36.268978384     1.0
  1  p
    16.325207000     1.0
  1  p
    7.6145421568     1.0
  1  p
    3.3388129956     1.0
  1  p
    1.8665221526     1.0
  1  p
    0.94025159837     1.0
  1  p
    0.51521255747     1.0
  1  p
    0.26318380469     1.0
  1  d
    190.55658672     1.0
  1  d
    60.346801430     1.0
  1  d
    25.141967063     1.0
  1  d
    12.146768196     1.0
  1  d
    6.2993488132     1.0
  1  d
    3.0706106656     1.0
  1  d
    1.2911977798     1.0
  1  d
    0.56678602865     1.0
  1  d
    0.24192419172     1.0
   1  f
   3.3096133           1.0
   1  f
   .39560380031500000000      1.0
   1  f
   .94560380031500000000      1.0
   1  g
   .68360380031500000000      1.0
