! al   Weigend Coulomb Fitting
! *
    7  s
   4875.9816108              0.5248525        
   1839.4838989              0.8958282        
    715.5582316              2.9427043        
    286.4958622              5.9976464        
    117.8265577              7.7609764        
     49.6666399              2.8641690        
     21.4066429             -1.0464290        
    1  s
      9.4098725              1.0000000        
    1  s
      4.2071557              1.0000000        
    1  s
      1.9077330              1.0000000        
    1  s
      0.8747225              1.0000000        
    1  s
      0.4042979              1.0000000        
    1  s
      0.1877731              1.0000000        
    1  s
      0.0873510              1.0000000        
    2  p
     10.9820947              0.0163880        
      3.3106913             -0.0029350        
    1  p
      0.9840322              1.0000000        
    1  p
      0.2900384              1.0000000        
    1  p
      0.0852498              1.0000000        
    3  d
     21.5501974              0.0114463        
      5.9277503              0.0082803        
      1.8822054             -0.0133523        
    1  d
      0.6586442              1.0000000        
    1  d
      0.2385982              1.0000000        
    2  f
      0.5382976              0.0072119        
      0.1976728              0.0039371        
    1  g
      0.3262000              1.0000000        
! *
