! ar   Weigend Coulomb Fitting
! *
    7  s
   9188.5309157              0.8877141        
   3279.0428273              1.8231585        
   1227.6297914              5.6127323        
    481.1823792             11.2156190        
    196.9697695             12.2962961        
     83.9606192              2.3552090        
     37.1435409             -1.5769042        
    1  s
     16.9892190              1.0000000        
    1  s
      8.0003093              1.0000000        
    1  s
      3.8606959              1.0000000        
    1  s
      1.8996439              1.0000000        
    1  s
      0.9480149              1.0000000        
    1  s
      0.4771798              1.0000000        
    1  s
      0.2408781              1.0000000        
    2  p
     14.1000000              0.0563086        
      5.6300000             -0.0563007        
    1  p
      2.2200000              1.0000000        
    1  p
      0.8700000              1.0000000        
    1  p
      0.3400000              1.0000000        
    3  d
     32.7000000             -0.0265404        
      8.3700000              0.0134848        
      2.6600000             -0.0136452        
    1  d
      0.9900000              1.0000000        
    1  d
      0.3900000              1.0000000        
    2  f
      1.3800000              1.0000000        
      0.5400000              1.0000000        
    1  g
      0.8700000              1.0000000        
! *
