! b   Weigend Coulomb Fitting
! *
    7  s
   1322.2016723              0.0542834        
    458.2370653              0.1167149        
    168.0023641              0.4020230        
     64.9577690              0.9377941        
     26.3871856              1.5869087        
     11.2108611              1.3566478        
      4.9554460              0.3199019        
    1  s
      2.2652825              1.0000000        
    1  s
      1.0638086              1.0000000        
    1  s
      0.5095187              1.0000000        
    1  s
      0.2469859              1.0000000        
    1  s
      0.1202089              1.0000000        
    2  p
      9.3560736             -0.0130117        
      3.9743131             -0.0114013        
    1  p
      1.6645147              1.0000000        
    1  p
      0.6913035              1.0000000        
    1  p
      0.2863135              1.0000000        
    2  d
      2.1120313              0.0228072        
      0.7780769              0.0405259        
    1  d
      0.3277101              1.0000000        
    1  d
      0.1449465              1.0000000        
    2  f
      1.0582718              0.0087498        
      0.4010000              0.0036145        
    1  g
      0.6514300              1.0000000        
! *
