! be   Weigend Coulomb Fitting
! *
    7  s
    931.3932020              0.0339736        
    309.1384767              0.0769224        
    109.7579334              0.2770466        
     41.5609052              0.6423826        
     16.7186235              1.0888458        
      7.1095250              0.9162473        
      3.1768417              0.2832563        
    1  s
      1.4810941              1.0000000        
    1  s
      0.7146066              1.0000000        
    1  s
      0.3536015              1.0000000        
    1  s
      0.1776945              1.0000000        
    1  s
      0.0897625              1.0000000        
    2  p
      4.8768490              0.0006466        
      1.8686000              0.0169061        
    1  p
      0.7059119              1.0000000        
    1  p
      0.2644480              1.0000000        
    1  p
      0.0987920              1.0000000        
    2  d
      1.5703852              0.0036075        
      0.6733684              0.0208788        
    1  d
      0.3299827              1.0000000        
    1  d
      0.1697927              1.0000000        
    2  f
      2.2794515             -0.0005539        
      0.9215384              0.0035407        
    1  g
      1.3893341              1.0000000        
! *
