! c   Weigend Coulomb Fitting
! *
    7  s
   1861.0916331              0.0744171        
    642.9939764              0.1653957        
    235.1105725              0.5576484        
     90.7028894              1.3108298        
     36.7794552              2.1694681        
     15.6046273              1.7668846        
      6.8907294              0.2930769        
    1  s
      3.1478850              1.0000000        
    1  s
      1.4777287              1.0000000        
    1  s
      0.7076466              1.0000000        
    1  s
      0.3430122              1.0000000        
    1  s
      0.1669453              1.0000000        
    2  p
     13.5472892             -0.0206477        
      5.4669419             -0.0115282        
    1  p
      2.1751721              1.0000000        
    1  p
      0.8582194              1.0000000        
    1  p
      0.3376720              1.0000000        
    2  d
      5.9287253             -0.0225948        
      1.9809209             -0.0476827        
    1  d
      0.8055417              1.0000000        
    1  d
      0.3531244              1.0000000        
    2  f
      1.6755626              0.0088798        
      0.5997536              0.0069903        
    1  g
      1.0024600              1.0000000        
! *
