! ca   Weigend Coulomb Fitting
! *
    12  s
  17917.6370280              0.6831653        
   8061.4596925              0.3918308        
   3601.3424667              2.6391299        
   1620.0122645              4.3734240        
    778.4284854              9.5722795        
    357.7554238             13.1715185        
    172.7026048              8.9978572        
     84.9193850             -0.4545484        
     41.0281476             -0.4987409        
     20.1494249              9.2079374        
     10.2489427              7.2301219        
      5.0555149             -1.9039492        
    1  s
      2.6223894              1.0000000        
    1  s
      1.3458864              1.0000000        
    1  s
      0.6963381              1.0000000        
    1  s
      0.3565069              1.0000000        
    1  s
      0.1853829              1.0000000        
    1  s
      0.0975465              1.0000000        
    1  s
      0.0508517              1.0000000        
    2  p
     12.5452782             -0.0060069        
      3.5025409             -0.0066064        
    1  p
      1.0011018              1.0000000        
    1  p
      0.2902721              1.0000000        
    1  p
      0.0845726              1.0000000        
    2  d
      9.5006987              0.0012657        
      3.0210015              0.0029405        
    1  d
      0.9763668              1.0000000        
    1  d
      0.3186918              1.0000000        
    1  d
      0.1043687              1.0000000        
    3  f
      2.4531931             -0.0083306        
      0.7229365             -0.0006437        
      0.2117121              0.0021253        
    1  g
      0.9854875              1.0000000        
! *
