! cl   Weigend Coulomb Fitting
! *
    7  s
   8044.2766240              0.8306605        
   2924.5123954              1.6146203        
   1110.8168739              5.0051398        
    439.9050761              9.9863273        
    181.1987287             11.3443970        
     77.4148302              2.6726629        
     34.1977273             -1.6043227        
    1  s
     15.5648397              1.0000000        
    1  s
      7.2707873              1.0000000        
    1  s
      3.4711900              1.0000000        
    1  s
      1.6860808              1.0000000        
    1  s
      0.8293125              1.0000000        
    1  s
      0.4110124              1.0000000        
    1  s
      0.2042190              1.0000000        
    2  p
     12.2564993              0.0563086        
      4.8922575             -0.0563007        
    1  p
      1.9265460              1.0000000        
    1  p
      0.7525989              1.0000000        
    1  p
      0.2932189              1.0000000        
    3  d
     28.4370504             -0.0265404        
      7.2772298              0.0134848        
      2.3111621             -0.0136452        
    1  d
      0.8580943              1.0000000        
    1  d
      0.3376227              1.0000000        
    2  f
      1.2035685              1.0000000        
      0.4700000              1.0000000        
    1  g
      0.7521100              1.0000000        
! *
