! f   Weigend Coulomb Fitting
! *
    7  s
   3514.9201549              0.1805835        
   1231.2458815              0.3676084        
    454.1367336              1.2707881        
    175.8376258              2.8274164        
     71.2081775              4.3588226        
     30.0316883              2.7180994        
     13.1259023             -0.0804726        
    1  s
      5.9126861              1.0000000        
    1  s
      2.7284431              1.0000000        
    1  s
      1.2813993              1.0000000        
    1  s
      0.6082793              1.0000000        
    1  s
      0.2897894              1.0000000        
    2  p
     49.3740409             -0.0346332        
     13.4874956             -0.0096069        
    1  p
      3.9664900              1.0000000        
    1  p
      1.2226629              1.0000000        
    1  p
      0.3830317              1.0000000        
    2  d
     29.9719140             -0.0113316        
      6.7860915             -0.0467639        
    1  d
      1.8137313              1.0000000        
    1  d
      0.5157840              1.0000000        
    2  f
      2.8301877              1.0000000        
      0.9155962              1.0000000        
    1  g
      1.6097500              1.0000000        
! *
