! k   Weigend Coulomb Fitting
! *
    12  s
  15600.4998000              0.6051572        
   6840.8316412              0.5813049        
   3055.5125810              2.2844173        
   1389.0430931              4.7624289        
    642.1465666              9.1248263        
    301.6119674             12.2016392        
    143.7961476              7.5846370        
     69.5181492             -0.9813327        
     34.0447209              0.1827059        
     16.8706410              8.6437278        
      8.4499772              5.8265076        
      4.2728448             -1.6665361        
    1  s
      2.1786969              1.0000000        
    1  s
      1.1188238              1.0000000        
    1  s
      0.5779194              1.0000000        
    1  s
      0.2998881              1.0000000        
    1  s
      0.1561261              1.0000000        
    1  s
      0.0814421              1.0000000        
    1  s
      0.0425117              1.0000000        
    2  p
     35.0867756             -0.0129960        
      8.2256301              0.0042675        
    1  p
      1.9013059              1.0000000        
    1  p
      0.4358032              1.0000000        
    1  p
      0.0996141              1.0000000        
    2  d
      4.3574288              0.0014449        
      1.4555147             -0.0021214        
    1  d
      0.4793580              1.0000000        
    1  d
      0.1565521              1.0000000        
    1  d
      0.0509859              1.0000000        
    3  f
      2.2961175             -0.0019497        
      0.6766476             -0.0019950        
      0.1981564              0.0021994        
    1  g
      0.2814606              1.0000000        
! *
