! li   Weigend Coulomb Fitting
! *
    7  s
    498.3689730              0.0207908        
    162.9342738              0.0542177        
     57.3246735              0.1776783        
     21.6427314              0.4181150        
      8.7345375              0.6535245        
      3.7491039              0.5492618        
      1.7006754              0.1701425        
    1  s
      0.8090859              1.0000000        
    1  s
      0.4000933              1.0000000        
    1  s
      0.2035793              1.0000000        
    1  s
      0.1054201              1.0000000        
    1  s
      0.0549139              1.0000000        
    2  p
     10.7024696              0.0072923        
      3.6551543              0.0060940        
    1  p
      1.2464013              1.0000000        
    1  p
      0.4246282              1.0000000        
    1  p
      0.1446192              1.0000000        
    2  d
      1.1510647             -0.0014314        
      0.6019112              0.0038969        
    1  d
      0.3109573              1.0000000        
    1  d
      0.1600032              1.0000000        
    2  f
      0.5967918              0.0010494        
      0.1790687              0.0006468        
    1  g
      1.0460130              1.0000000        
! *
