! mg   Weigend Coulomb Fitting
! *
    7  s
   4618.7144348              0.4062037        
   1715.8572368              0.7248204        
    660.3662172              2.4015050        
    262.7772421              5.0268089        
    107.8796646              6.8807535        
     45.5809298              3.0930185        
     19.7676678             -0.8061330        
    1  s
      8.7738606              1.0000000        
    1  s
      3.9730763              1.0000000        
    1  s
      1.8294222              1.0000000        
    1  s
      0.8535432              1.0000000        
    1  s
      0.4020431              1.0000000        
    1  s
      0.1904672              1.0000000        
    1  s
      0.0904075              1.0000000        
    2  p
      4.2335270             -0.0089796        
      1.3598327              0.0169486        
    1  p
      0.5026752              1.0000000        
    1  p
      0.2043109              1.0000000        
    1  p
      0.0858908              1.0000000        
    2  d
     15.3639340              0.0072298        
      3.9275269              0.0022521        
    1  d
      1.1824901              1.0000000        
    1  d
      0.3985299              1.0000000        
    1  d
      0.1398822              1.0000000        
    2  f
      2.2586461             -0.0009518        
      0.4740262              0.0022316        
    1  g
      0.8087604              1.0000000        
! *
