! n   Weigend Coulomb Fitting
! *
    7  s
   2542.9401785              0.0904668        
   1029.5472946              0.1455675        
    424.9053546              0.4594090        
    178.4573708              1.1392859        
     76.1362742              2.1795891        
     32.9338653              2.7604305        
     14.4155436              1.2837451        
    1  s
      6.3718891              1.0000000        
    1  s
      2.8381742              1.0000000        
    1  s
      1.2711793              1.0000000        
    1  s
      0.5712407              1.0000000        
    1  s
      0.2569887              1.0000000        
    2  p
     17.8975990             -0.0330656        
      6.5346319              0.0041582        
    1  p
      2.3523645              1.0000000        
    1  p
      0.8397377              1.0000000        
    1  p
      0.2989335              1.0000000        
    2  d
      7.6909870              0.0035820        
      2.3044972              0.0180403        
    1  d
      0.8403987              1.0000000        
    1  d
      0.3303797              1.0000000        
    2  f
      2.3331076              0.0067248        
      0.8446137              0.0054427        
    1  g
      1.4037700              1.0000000        
! *
