! na   Weigend Coulomb Fitting
! *
    7  s
   3754.9468758              0.3681280        
   1406.4560878              0.6386505        
    543.4611528              2.1314027        
    216.2389118              4.4341952        
     88.4180110              6.0193186        
     37.0700801              2.6066659        
     15.8976971             -0.6617046        
    1  s
      6.9557845              1.0000000        
    1  s
      3.0964156              1.0000000        
    1  s
      1.3983233              1.0000000        
    1  s
      0.6386578              1.0000000        
    1  s
      0.2940844              1.0000000        
    1  s
      0.1360866              1.0000000        
    1  s
      0.0630775              1.0000000        
    2  p
     19.2914768              0.0091163        
      5.8156595             -0.0286151        
    1  p
      1.7285804              1.0000000        
    1  p
      0.5094901              1.0000000        
    1  p
      0.1497524              1.0000000        
    2  d
     14.0911593              0.0025046        
      3.9826616              0.0012793        
    1  d
      1.3285602              1.0000000        
    1  d
      0.4969388              1.0000000        
    1  d
      0.1937075              1.0000000        
    2  f
      0.1873532              0.0012141        
      0.0980271             -0.0004706        
    1  g
      0.0701600              1.0000000        
! *
