! ne   Weigend Coulomb Fitting
! *
    7  s
   4165.3443917              0.2215380        
   1475.2326437              0.4503030        
    549.2884359              1.5166656        
    214.3631494              3.3680211        
     87.3657300              5.1165136        
     37.0296590              3.1485977        
     16.2441770             -0.1945455        
    1  s
      7.3360628              1.0000000        
    1  s
      3.3907965              1.0000000        
    1  s
      1.5939747              1.0000000        
    1  s
      0.7570527              1.0000000        
    1  s
      0.3608023              1.0000000        
    2  p
     61.2000000             -0.0346332        
     16.7000000             -0.0096069        
    1  p
      4.9200000              1.0000000        
    1  p
      1.5200000              1.0000000        
    1  p
      0.4800000              1.0000000        
    2  d
     37.1700000             -0.0113316        
      8.4100000             -0.0467639        
    1  d
      2.2500000              1.0000000        
    1  d
      0.6400000              1.0000000        
    2  f
      3.5100000              1.0000000        
      1.1400000              1.0000000        
    1  g
      2.0000000              1.0000000        
! *
