! o   Weigend Coulomb Fitting
! *
    7  s
   2876.8216605              0.1443558        
   1004.7443032              0.2920041        
    369.7579954              1.0258517        
    142.9442404              2.2875516        
     57.8366425              3.6080237        
     24.3864983              2.3737865        
     10.6622662              0.0489414        
    1  s
      4.8070437              1.0000000        
    1  s
      2.2210770              1.0000000        
    1  s
      1.0447795              1.0000000        
    1  s
      0.4968425              1.0000000        
    1  s
      0.2371384              1.0000000        
    2  p
     64.2613382             -0.0126659        
     16.3006076             -0.0378744        
    1  p
      4.3550542              1.0000000        
    1  p
      1.2019554              1.0000000        
    1  p
      0.3354196              1.0000000        
    2  d
      9.2146611             -0.0597914        
      2.8435251             -0.0846724        
    1  d
      0.9955759              1.0000000        
    1  d
      0.3649441              1.0000000        
    2  f
      2.6420115              1.0000000        
      0.7345613              1.0000000        
    1  g
      1.3931000              1.0000000        
! *
