! p   Weigend Coulomb Fitting
! *
    7  s
   7402.6405628              0.6312551        
   2444.3806296              1.0410015        
   1031.0485275              3.5177235        
    387.5215861              7.8577024        
    159.3342518              9.3323916        
     72.5438912              3.5808385        
     29.2976155             -1.1039880        
    1  s
     13.1685047              1.0000000        
    1  s
      6.4235268              1.0000000        
    1  s
      3.1479365              1.0000000        
    1  s
      1.4941282              1.0000000        
    1  s
      0.6745215              1.0000000        
    1  s
      0.3252877              1.0000000        
    1  s
      0.1527285              1.0000000        
    2  p
     10.6100703              0.0333958        
      3.3972489             -0.0239301        
    1  p
      1.0821336              1.0000000        
    1  p
      0.3436265              1.0000000        
    1  p
      0.1090044              1.0000000        
    3  d
      5.5575593              0.0066400        
      2.6033240             -0.0123559        
      1.2378589              0.0087029        
    1  d
      0.5939646              1.0000000        
    1  d
      0.2858732              1.0000000        
    2  f
      1.0262041              0.0104661        
      0.2959414              0.0038742        
    1  g
      0.5510844              1.0000000        
! *
