! s   Weigend Coulomb Fitting
! *
    7  s
   7399.0303145              0.7227933        
   2710.1675859              1.3706745        
   1034.3279062              4.3217500        
    410.4645411              8.7624644        
    168.9762502             10.5289909        
     71.9687889              3.0836598        
     31.6172683             -1.5821203        
    1  s
     14.2796836              1.0000000        
    1  s
      6.6060948              1.0000000        
    1  s
      3.1181477              1.0000000        
    1  s
      1.4954039              1.0000000        
    1  s
      0.7254779              1.0000000        
    1  s
      0.3544216              1.0000000        
    1  s
      0.1735525              1.0000000        
    2  p
     12.6998799              0.0457971        
      4.4295784             -0.0394968        
    1  p
      1.5232889              1.0000000        
    1  p
      0.5194667              1.0000000        
    1  p
      0.1766547              1.0000000        
    3  d
     16.8546461              0.0263236        
      5.0810461             -0.0190773        
      1.5102323              0.0213668        
    1  d
      0.4451331              1.0000000        
    1  d
      0.1308362              1.0000000        
    2  f
      1.0809860              1.0000000        
      0.4161474              1.0000000        
    1  g
      0.6707100              1.0000000        
! *
