! si   Weigend Coulomb Fitting
! *
    7  s
   5826.7657660              0.5677983        
   2173.1214409              1.0118069        
    839.4966509              3.2799844        
    335.2659622              6.7361713        
    138.1170978              8.6949143        
     58.5516054              3.2431556        
     25.4744274             -1.2520738        
    1  s
     11.3418415              1.0000000        
    1  s
      5.1513356              1.0000000        
    1  s
      2.3788654              1.0000000        
    1  s
      1.1130498              1.0000000        
    1  s
      0.5257427              1.0000000        
    1  s
      0.2497578              1.0000000        
    1  s
      0.1188768              1.0000000        
    2  p
      8.7836931              0.0242245        
      2.6158248             -0.0153268        
    1  p
      0.8266040              1.0000000        
    1  p
      0.2711487              1.0000000        
    1  p
      0.0900870              1.0000000        
    3  d
     10.8892767              0.0240593        
      2.6605925             -0.0189904        
      0.8067528              0.0242108        
    1  d
      0.2859848              1.0000000        
    1  d
      0.1074329              1.0000000        
    2  f
      0.8103816              0.0088216        
      0.1988529              0.0020248        
    1  g
      0.4014900              1.0000000        
! *
