basis "Be_cc-pVDZ" SPHERICAL
Be    S
   2940.0000000              0.0006800             -0.0001230        
    441.2000000              0.0052360             -0.0009660        
    100.5000000              0.0266060             -0.0048310        
     28.4300000              0.0999930             -0.0193140        
      9.1690000              0.2697020             -0.0532800        
      3.1960000              0.4514690             -0.1207230        
      1.1590000              0.2950740             -0.1334350        
      0.1811000              0.0125870              0.5307670        
Be    S
      0.0589000              1.0000000        
Be    P
      3.6190000              0.0291110        
      0.7110000              0.1693650        
      0.1951000              0.5134580        
Be    P
      0.0601800              1.0000000        
Be    D
      0.2380000              1.0000000        
end
