basis "Br_cc-pVDZ" SPHERICAL
Br    S
 640100.0000000              0.0001984             -0.0000625              0.0000248             -0.0000076        
  95938.0000000              0.0015400             -0.0004816              0.0001919             -0.0000588        
  21833.0000000              0.0080096             -0.0025466              0.0010100             -0.0003092        
   6181.9000000              0.0327341             -0.0104112              0.0041659             -0.0012766        
   2015.7000000              0.1074480             -0.0365179              0.0145683             -0.0044634        
    727.1000000              0.2688946             -0.0996295              0.0408345             -0.0125575        
    283.2800000              0.4204411             -0.2141310              0.0894859             -0.0276145        
    115.9100000              0.2838041             -0.1860911              0.0872786             -0.0273945        
     36.1240000              0.0315455              0.4628261             -0.2933644              0.0964094        
     15.5320000             -0.0074268              0.6441141             -0.5667109              0.1976871        
      4.7857000              0.0027728              0.0825502              0.5105658             -0.2266693        
      2.0817000             -0.0013635             -0.0149694              0.7477214             -0.5241165        
      0.4202800              0.0003812              0.0035288              0.0421512              0.6889865        
Br    S
      0.1606900              1.0000000        
Br    P
   4340.8000000              0.0014448             -0.0005819              0.0001518        
   1028.9000000              0.0121288             -0.0049065              0.0012563        
    332.0200000              0.0608077             -0.0252514              0.0066224        
    125.1600000              0.2009358             -0.0869445              0.0223816        
     51.5110000              0.4047419             -0.1893422              0.0509717        
     22.2810000              0.3957151             -0.1710882              0.0414009        
      9.3417000              0.1102213              0.2368755             -0.0703970        
      4.0132000             -0.0009090              0.5898400             -0.2232540        
      1.7002000              0.0024832              0.3171944             -0.0564179        
      0.4719400             -0.0005744              0.0179833              0.5808079        
Br    P
      0.1442100              1.0000000        
Br    D
    104.8300000              0.0226583        
     30.2720000              0.1345895        
     10.6490000              0.3647181        
      3.8696000              0.4904196        
      1.3239000              0.2713885        
Br    D
      0.4098000              1.0000000        
end
