basis "Li_cc-pVDZ" SPHERICAL
Li    S
   1469.0000000              0.0007660             -0.0001200        
    220.5000000              0.0058920             -0.0009230        
     50.2600000              0.0296710             -0.0046890        
     14.2400000              0.1091800             -0.0176820        
      4.5810000              0.2827890             -0.0489020        
      1.5800000              0.4531230             -0.0960090        
      0.5640000              0.2747740             -0.1363800        
      0.0734500              0.0097510              0.5751020        
Li    S
      0.0280500              1.0000000        
Li    P
      1.5340000              0.0227840        
      0.2749000              0.1391070        
      0.0736200              0.5003750        
Li    P
      0.0240300              1.0000000        
Li    D
      0.1239000              1.0000000        
end
