basis "Ne_cc-pVDZ" SPHERICAL
Ne    S
  17880.0000000              0.0007380             -0.0001720        
   2683.0000000              0.0056770             -0.0013570        
    611.5000000              0.0288830             -0.0067370        
    173.5000000              0.1085400             -0.0276630        
     56.6400000              0.2909070             -0.0762080        
     20.4200000              0.4483240             -0.1752270        
      7.8100000              0.2580260             -0.1070380        
      1.6530000              0.0150630              0.5670500        
Ne    S
      0.4869000              1.0000000        
Ne    P
     28.3900000              0.0460870        
      6.2700000              0.2401810        
      1.6950000              0.5087440        
Ne    P
      0.4317000              1.0000000        
Ne    D
      2.2020000              1.0000000        
end
