!  cc-pVTZ  EMSL  Basis Set Exchange Library   7/28/11 8:46 AM
! Basis = cc-pVTZ
! ALUMINIUM       (15s,9p,2d,1f) -> [5s,4p,2d,1f]
! ALUMINIUM       (15s,9p,2d,1f) -> [5s,4p,2d,1f]
! s functions
H    15    5
 205500.0000000              0.678836D-04          -0.176377D-04           0.407315D-05           0.0000000              0.0000000        
  30780.0000000              0.527149D-03          -0.137195D-03           0.316566D-04           0.0000000              0.0000000        
   7006.0000000              0.276203D-02          -0.718910D-03           0.166116D-03           0.0000000              0.0000000        
   1985.0000000              0.114728D-01          -0.301146D-02           0.694992D-03           0.0000000              0.0000000        
    649.1000000              0.398188D-01          -0.106014D-01           0.245511D-02           0.0000000              0.0000000        
    235.0000000              0.115040D+00          -0.321345D-01           0.744598D-02           0.0000000              0.0000000        
     91.6200000              0.260887D+00          -0.803156D-01           0.188253D-01           0.0000000              0.0000000        
     37.6700000              0.396386D+00          -0.156794D+00           0.372772D-01           0.0000000              0.0000000        
     15.9100000              0.284597D+00          -0.168376D+00           0.419496D-01           0.0000000              0.0000000        
      5.8500000              0.444583D-01           0.126879D+00          -0.354375D-01           0.0000000              0.0000000        
      2.5420000             -0.489838D-02           0.561494D+00          -0.175132D+00           0.0000000              0.0000000        
      1.0570000              0.261253D-02           0.436613D+00          -0.276203D+00           0.0000000              0.0000000        
      0.2931000             -0.108915D-02           0.357293D-01           0.108729D+00           1.0000000              0.0000000        
      0.1455000              0.722068D-03          -0.114563D-01           0.652809D+00           0.0000000              0.0000000        
      0.0565000             -0.178485D-03           0.220201D-02           0.394587D+00           0.0000000              1.0000000        
! p functions
H    9    4
    444.4000000              0.162786D-02          -0.286341D-03           0.0000000              0.0000000        
    105.1000000              0.130687D-01          -0.242308D-02           0.0000000              0.0000000        
     33.4700000              0.612341D-01          -0.108658D-01           0.0000000              0.0000000        
     12.3300000              0.187870D+00          -0.364307D-01           0.0000000              0.0000000        
      4.8690000              0.360452D+00          -0.641074D-01           0.0000000              0.0000000        
      1.9610000              0.408454D+00          -0.972239D-01           0.0000000              0.0000000        
      0.7834000              0.188640D+00           0.147437D-01           1.0000000              0.0000000        
      0.1888000              0.976514D-02           0.503448D+00           0.0000000              0.0000000        
      0.0555700             -0.115057D-02           0.597984D+00           0.0000000              1.0000000        
! d functions
H    2    2
      0.1090000              1.0000000              0.0000000        
      0.3330000              0.0000000              1.0000000        
! f functions
H    1    1
      0.2440000              1.0000000        


