!  d-aug-cc-pVTZ  EMSL  Basis Set Exchange Library   5/7/08 3:13 AM
!  BORON
  S     10
    1            5473.0000000              0.0005550        
    2             820.9000000              0.0042910        
    3             186.8000000              0.0219490        
    4              52.8300000              0.0844410        
    5              17.0800000              0.2385570        
    6               5.9990000              0.4350720        
    7               2.2080000              0.3419550        
    8               0.5879000              0.0368560        
    9               0.2415000             -0.0095450        
    10              0.0861000              0.0023680        
  S     10
    1            5473.0000000             -0.0001120        
    2             820.9000000             -0.0008680        
    3             186.8000000             -0.0044840        
    4              52.8300000             -0.0176830        
    5              17.0800000             -0.0536390        
    6               5.9990000             -0.1190050        
    7               2.2080000             -0.1658240        
    8               0.5879000              0.1201070        
    9               0.2415000              0.5959810        
    10              0.0861000              0.4110210        
  S     1
    1               0.5879000              1.0000000        
  S     1
    1               0.0861000              1.0000000        
  S     1
    1               0.0291400              1.0000000        
  S     1
    1               0.0098600              1.0000000        
  P     5
    1              12.0500000              0.0131180        
    2               2.6130000              0.0798960        
    3               0.7475000              0.2772750        
    4               0.2385000              0.5042700        
    5               0.0769800              0.3536800        
  P     1
    1               0.2385000              1.0000000        
  P     1
    1               0.0769800              1.0000000        
  P     1
    1               0.0209600              1.0000000        
  P     1
    1               0.0057100              1.0000000        
  D     1
    1               0.6610000              1.0000000        
  D     1
    1               0.1990000              1.0000000        
  D     1
    1               0.0604000              1.0000000        
  D     1
    1               0.0183000              1.0000000        
  F     1
    1               0.4900000              1.0000000        
  F     1
    1               0.1630000              1.0000000        
  F     1
    1               0.0542000              1.0000000        
