!  CARBON
  S     10
    1            8236.0000000              0.0005310        
    2            1235.0000000              0.0041080        
    3             280.8000000              0.0210870        
    4              79.2700000              0.0818530        
    5              25.5900000              0.2348170        
    6               8.9970000              0.4344010        
    7               3.3190000              0.3461290        
    8               0.9059000              0.0393780        
    9               0.3643000             -0.0089830        
    10              0.1285000              0.0023850        
  S     10
    1            8236.0000000             -0.0001130        
    2            1235.0000000             -0.0008780        
    3             280.8000000             -0.0045400        
    4              79.2700000             -0.0181330        
    5              25.5900000             -0.0557600        
    6               8.9970000             -0.1268950        
    7               3.3190000             -0.1703520        
    8               0.9059000              0.1403820        
    9               0.3643000              0.5986840        
    10              0.1285000              0.3953890        
  S     1
    1               0.9059000              1.0000000        
  S     1
    1               0.1285000              1.0000000        
  S     1
    1               0.0440200              1.0000000        
  S     1
    1               0.0151000              1.0000000        
  P     5
    1              18.7100000              0.0140310        
    2               4.1330000              0.0868660        
    3               1.2000000              0.2902160        
    4               0.3827000              0.5010080        
    5               0.1209000              0.3434060        
  P     1
    1               0.3827000              1.0000000        
  P     1
    1               0.1209000              1.0000000        
  P     1
    1               0.0356900              1.0000000        
  P     1
    1               0.0105000              1.0000000        
  D     1
    1               1.0970000              1.0000000        
  D     1
    1               0.3180000              1.0000000        
  D     1
    1               0.1000000              1.0000000        
  D     1
    1               0.0314000              1.0000000        
  F     1
    1               0.7610000              1.0000000        
  F     1
    1               0.2680000              1.0000000        
  F     1
    1               0.0944000              1.0000000
