!  FLUORINE
!  d-aug-cc-pVTZ
  S     10
    1           19500.0000000              0.0005070        
    2            2923.0000000              0.0039230        
    3             664.5000000              0.0202000        
    4             187.5000000              0.0790100        
    5              60.6200000              0.2304390        
    6              21.4200000              0.4328720        
    7               7.9500000              0.3499640        
    8               2.2570000              0.0432330        
    9               0.8815000             -0.0078920        
    10              0.3041000              0.0023840        
  S     10
    1           19500.0000000             -0.0001170        
    2            2923.0000000             -0.0009120        
    3             664.5000000             -0.0047170        
    4             187.5000000             -0.0190860        
    5              60.6200000             -0.0596550        
    6              21.4200000             -0.1400100        
    7               7.9500000             -0.1767820        
    8               2.2570000              0.1716250        
    9               0.8815000              0.6050430        
    10              0.3041000              0.3695120        
  S     1
    1               2.2570000              1.0000000        
  S     1
    1               0.3041000              1.0000000        
  S     1
    1               0.0915800              1.0000000        
  S     1
    1               0.0276000              1.0000000        
  P     5
    1              43.8800000              0.0166650        
    2               9.9260000              0.1044720        
    3               2.9300000              0.3172600        
    4               0.9132000              0.4873430        
    5               0.2672000              0.3346040        
  P     1
    1               0.9132000              1.0000000        
  P     1
    1               0.2672000              1.0000000        
  P     1
    1               0.0736100              1.0000000        
  P     1
    1               0.0203000              1.0000000        
  D     1
    1               3.1070000              1.0000000        
  D     1
    1               0.8550000              1.0000000        
  D     1
    1               0.2920000              1.0000000        
  D     1
    1               0.0997000              1.0000000        
  F     1
    1               1.9170000              1.0000000        
  F     1
    1               0.7240000              1.0000000        
  F     1
    1               0.2730000              1.0000000        
