!  HYDROGEN
!
  S     5
    1              33.8700000              0.0060680        
    2               5.0950000              0.0453080        
    3               1.1590000              0.2028220        
    4               0.3258000              0.5039030        
    5               0.1027000              0.3834210        
  S     1
    1               0.3258000              1.0000000        
  S     1
    1               0.1027000              1.0000000        
  S     1
    1               0.0252600              1.0000000        
  S     1
    1               0.0062100              1.0000000        
  P     1
    1               1.4070000              1.0000000        
  P     1
    1               0.3880000              1.0000000        
  P     1
    1               0.1020000              1.0000000        
  P     1
    1               0.0268000              1.0000000        
  D     1
    1               1.0570000              1.0000000        
  D     1
    1               0.2470000              1.0000000        
  D     1
    1               0.0577000              1.0000000        
