!  NEON
  S     10
    1           24350.0000000              0.0005020        
    2            3650.0000000              0.0038810        
    3             829.6000000              0.0199970        
    4             234.0000000              0.0784180        
    5              75.6100000              0.2296760        
    6              26.7300000              0.4327220        
    7               9.9270000              0.3506420        
    8               2.8360000              0.0439110        
    9               1.1020000             -0.0076450        
    10              0.3782000              0.0023750        
  S     10
    1           24350.0000000             -0.0001180        
    2            3650.0000000             -0.0009150        
    3             829.6000000             -0.0047370        
    4             234.0000000             -0.0192330        
    5              75.6100000             -0.0603690        
    6              26.7300000             -0.1425080        
    7               9.9270000             -0.1777100        
    8               2.8360000              0.1773520        
    9               1.1020000              0.6058360        
    10              0.3782000              0.3651090        
  S     1
    1               2.8360000              1.0000000        
  S     1
    1               0.3782000              1.0000000        
  S     1
    1               0.1133000              1.0000000        
  S     1
    1               0.0339000              1.0000000        
  P     5
    1              54.7000000              0.0171510        
    2              12.4300000              0.1076560        
    3               3.6790000              0.3216810        
    4               1.1430000              0.4852320        
    5               0.3300000              0.3325840        
  P     1
    1               1.1430000              1.0000000        
  P     1
    1               0.3300000              1.0000000        
  P     1
    1               0.0917500              1.0000000        
  P     1
    1               0.0255000              1.0000000        
  D     1
    1               4.0140000              1.0000000        
  D     1
    1               1.0960000              1.0000000        
  D     1
    1               0.3860000              1.0000000        
  D     1
    1               0.1360000              1.0000000        
  F     1
    1               2.5440000              1.0000000        
  F     1
    1               1.0840000              1.0000000        
  F     1
    1               0.4620000              1.0000000        
