!  OXYGEN
  S     10
    1           15330.0000000              0.0005080        
    2            2299.0000000              0.0039290        
    3             522.4000000              0.0202430        
    4             147.3000000              0.0791810        
    5              47.5500000              0.2306870        
    6              16.7600000              0.4331180        
    7               6.2070000              0.3502600        
    8               1.7520000              0.0427280        
    9               0.6882000             -0.0081540        
    10              0.2384000              0.0023810        
  S     10
    1           15330.0000000             -0.0001150        
    2            2299.0000000             -0.0008950        
    3             522.4000000             -0.0046360        
    4             147.3000000             -0.0187240        
    5              47.5500000             -0.0584630        
    6              16.7600000             -0.1364630        
    7               6.2070000             -0.1757400        
    8               1.7520000              0.1609340        
    9               0.6882000              0.6034180        
    10              0.2384000              0.3787650        
  S     1
    1               1.7520000              1.0000000        
  S     1
    1               0.2384000              1.0000000        
  S     1
    1               0.0737600              1.0000000        
  S     1
    1               0.0228000              1.0000000        
  P     5
    1              34.4600000              0.0159280        
    2               7.7490000              0.0997400        
    3               2.2800000              0.3104920        
    4               0.7156000              0.4910260        
    5               0.2140000              0.3363370        
  P     1
    1               0.7156000              1.0000000        
  P     1
    1               0.2140000              1.0000000        
  P     1
    1               0.0597400              1.0000000        
  P     1
    1               0.0167000              1.0000000        
  D     1
    1               2.3140000              1.0000000        
  D     1
    1               0.6450000              1.0000000        
  D     1
    1               0.2140000              1.0000000        
  D     1
    1               0.0710000              1.0000000        
  F     1
    1               1.4280000              1.0000000        
  F     1
    1               0.5000000              1.0000000        
  F     1
    1               0.1750000              1.0000000        
