basis "C_cc-pVDZ" SPHERICAL
C    S
    6665.000000     0.000692   -0.000146
    1000.000000     0.005329   -0.001154
     228.000000     0.027077   -0.005725
      64.710000     0.101718   -0.023312
      21.060000     0.274740   -0.063955
       7.495000     0.448564   -0.149981
       2.797000     0.285074   -0.127262
       0.521500     0.015204    0.544529
       0.159600    -0.003191    0.580496
C    S
       0.159600    1.0000000        
C    P
       9.439000     0.038109
       2.002000     0.209480
       0.545600     0.508557
       0.151700     0.468842
C    P
       0.151700     1.000000
C    D
       0.550000     1.000000        
end
