basis "O_cc-pVDZ" SPHERICAL
O    S
  11720.0000000              0.0007100             -0.0001600        
   1759.0000000              0.0054700             -0.0012630        
    400.8000000              0.0278370             -0.0062670        
    113.7000000              0.1048000             -0.0257160        
     37.0300000              0.2830620             -0.0709240        
     13.2700000              0.4487190             -0.1654110        
      5.0250000              0.2709520             -0.1169550        
      1.0130000              0.0154580              0.5573680        
      0.3023000             -0.0025850              0.5727590
O    S
      0.3023000              1.0000000        
O    P
     17.7000000              0.0430180        
      3.8540000              0.2289130        
      1.0460000              0.5087280        
      0.2753000              0.4605310
O    P
      0.2753000              1.0000000        
O    D
      1.1850000              1.0000000        
end
