!  Sadlej pVTZ  EMSL  Basis Set Exchange Library   3/7/07 9:35 AM
! A. J. Sadlej, Collec. Czech. Chem. Commun.  53, 1995 (1988) 
!  A. J. Sadlej and M. Urban, J. Mol. Struct. (THEOCHEM) 234, 147 (1991) 
!  A. J. Sadlej, Theor. Chim. Acta 79, 123 (1992) 
!  A. J. Sadlej, Theor. Chim. Acta 81, 45 (1992) 
!  A. J. Sadlej, Theor. Chim. Acta 81, 339 (1992)
!   
! Basis = Sadlej pVTZ
! CHLORINE       (14s,10p,4d)->[7s,5p,2d]
! s functions
F  14    7
 105818.8000000  0.0007430  0.0000000  0.0000  0.0000  0.0000  0.0000  0.0000
  15872.0000000  0.0057540  0.0000000  0.0000  0.0000  0.0000  0.0000  0.0000
   3619.7000000  0.0296740  0.0000000  0.0000  0.0000  0.0000  0.0000  0.0000
   1030.8000000  0.1179910  0.0000000  0.0000  0.0000  0.0000  0.0000  0.0000
    339.9100000  0.3653190  0.0000000  0.0000  0.0000  0.0000  0.0000  0.0000
    124.5380000  0.5811460  0.0000000  0.0000  0.0000  0.0000  0.0000  0.0000
    124.5380000  0.0000000  0.1375430  0.0000  0.0000  0.0000  0.0000  0.0000
     49.5140000  0.0000000  0.6229200  0.0000  0.0000  0.0000  0.0000  0.0000
     20.8060000  0.0000000  0.2901060  0.0000  0.0000  0.0000  0.0000  0.0000
      6.4648000  0.0000000  0.0000000  1.0000  0.0000  0.0000  0.0000  0.0000
      2.5254000  0.0000000  0.0000000  0.0000  1.0000  0.0000  0.0000  0.0000
      0.5378000  0.0000000  0.0000000  0.0000  0.0000  1.0000  0.0000  0.0000
      0.1935000  0.0000000  0.0000000  0.0000  0.0000  0.0000  1.0000  0.0000
      0.0696000  0.0000000  0.0000000  0.0000  0.0000  0.0000  0.0000  1.0000
! p functions
F  10    5
    589.7800000  0.0029820  0.0000000  0.0000000  0.0000000  0.0000000        
    139.8500000  0.0233750  0.0000000  0.0000000  0.0000000  0.0000000        
     44.7950000  0.1039980  0.0000000  0.0000000  0.0000000  0.0000000        
     16.6120000  0.2844300  0.0000000  0.0000000  0.0000000  0.0000000        
      6.5995000  0.4506860  0.0000000  0.0000000  0.0000000  0.0000000        
      2.7141000  0.3230640  0.0000000  0.0000000  0.0000000  0.0000000        
      0.9528000  0.0000000  1.0000000  0.0000000  0.0000000  0.0000000        
      0.3580000  0.0000000  0.0000000  1.0000000  0.0000000  0.0000000        
      0.1250000  0.0000000  0.0000000  0.0000000  1.0000000  0.0000000        
      0.0436000  0.0000000  0.0000000  0.0000000  0.0000000  1.0000000        
! d functions
F  4    2
      0.9528000  0.2853000  0.0000000        
      0.3580000  0.8169000  0.0000000        
      0.1250000  0.0000000  0.1013000        
      0.0436000  0.0000000  0.0430000        
