!  Sadlej pVTZ  EMSL  Basis Set Exchange Library   3/7/07 9:26 AM
! A. J. Sadlej, Collec. Czech. Chem. Commun.  53, 1995 (1988) 
!  A. J. Sadlej and M. Urban, J. Mol. Struct. (THEOCHEM) 234, 147 (1991) 
!  A. J. Sadlej, Theor. Chim. Acta 79, 123 (1992) 
!  A. J. Sadlej, Theor. Chim. Acta 81, 45 (1992) 
!  A. J. Sadlej, Theor. Chim. Acta 81, 339 (1992)
!   
! Basis = Sadlej pVTZ
! SULFUR       (14s,10p,4d)->[7s,5p,2d]
! s functions
F  14    7
  99413.4000000  0.0007420  0.0000000  0.0000  0.0000  0.0000  0.0000  0.0000
  13961.7000000  0.0057900  0.0000000  0.0000  0.0000  0.0000  0.0000  0.0000
   3169.9000000  0.0299410  0.0000000  0.0000  0.0000  0.0000  0.0000  0.0000
    902.4600000  0.1189750  0.0000000  0.0000  0.0000  0.0000  0.0000  0.0000
    297.1600000  0.3682900  0.0000000  0.0000  0.0000  0.0000  0.0000  0.0000
    108.7020000  0.5774890  0.0000000  0.0000  0.0000  0.0000  0.0000  0.0000
    108.7020000  0.0000000  0.1429320  0.0000  0.0000  0.0000  0.0000  0.0000
     43.1550000  0.0000000  0.6246490  0.0000  0.0000  0.0000  0.0000  0.0000
     18.1080000  0.0000000  0.2834000  0.0000  0.0000  0.0000  0.0000  0.0000
      5.5705000  0.0000000  0.0000000  1.0000  0.0000  0.0000  0.0000  0.0000
      2.1427000  0.0000000  0.0000000  0.0000  1.0000  0.0000  0.0000  0.0000
      0.4340000  0.0000000  0.0000000  0.0000  0.0000  1.0000  0.0000  0.0000
      0.1570000  0.0000000  0.0000000  0.0000  0.0000  0.0000  1.0000  0.0000
      0.0568000  0.0000000  0.0000000  0.0000  0.0000  0.0000  0.0000  1.0000
! p functions
F  10    5
    495.0400000  0.0031710  0.0000000  0.0000000  0.0000000  0.0000000 
    117.2200000  0.0246430  0.0000000  0.0000000  0.0000000  0.0000000 
     37.5070000  0.1078450  0.0000000  0.0000000  0.0000000  0.0000000 
     13.9100000  0.2884890  0.0000000  0.0000000  0.0000000  0.0000000 
      5.5045000  0.4481080  0.0000000  0.0000000  0.0000000  0.0000000 
      2.2433000  0.3205170  0.0000000  0.0000000  0.0000000  0.0000000 
      0.7762000  0.0000000  1.0000000  0.0000000  0.0000000  0.0000000 
      0.2919000  0.0000000  0.0000000  1.0000000  0.0000000  0.0000000 
      0.1029000  0.0000000  0.0000000  0.0000000  1.0000000  0.0000000 
      0.0363000  0.0000000  0.0000000  0.0000000  0.0000000  1.0000000 
! d functions
F  4    2
      0.7762000  0.2915000  0.0000000        
      0.2919000  0.8966000  0.0000000        
      0.1029000  0.0000000  0.1138000        
      0.0363000  0.0000000  0.0568000        
