! Basis = d-aug-cc-pVTZ
! FLUORINE       (10s,5p,2d,1f)->[4s,3p,2d,1f]
! FLUORINE       (1s,1p,1d,1f)
! FLUORINE       (1s,1p,1d,1f)
! s functions
F  12    6
 19500.0000000  0.0005070 -0.0001170  0.000  0.000  0.000  0.000
  2923.0000000  0.0039230 -0.0009120  0.000  0.000  0.000  0.000
   664.5000000  0.0202000 -0.0047170  0.000  0.000  0.000  0.000
   187.5000000  0.0790100 -0.0190860  0.000  0.000  0.000  0.000
    60.6200000  0.2304390 -0.0596550  0.000  0.000  0.000  0.000
    21.4200000  0.4328720 -0.1400100  0.000  0.000  0.000  0.000
     7.9500000  0.3499640 -0.1767820  0.000  0.000  0.000  0.000
     2.2570000  0.0432330  0.1716250  1.000  0.000  0.000  0.000
     0.8815000 -0.0078920  0.6050430  0.000  0.000  0.000  0.000
     0.3041000  0.0023840  0.3695120  0.000  1.000  0.000  0.000
     0.0915800  0.0000000  0.0000000  0.000  0.000  1.000  0.000
     0.0276000  0.0000000  0.0000000  0.000  0.000  0.000  1.000
! p functions
F   7    5
     43.8800000  0.0166650  0.0000000  0.0000000  0.0000000  0.0000000        
      9.9260000  0.1044720  0.0000000  0.0000000  0.0000000  0.0000000        
      2.9300000  0.3172600  0.0000000  0.0000000  0.0000000  0.0000000        
      0.9132000  0.4873430  1.0000000  0.0000000  0.0000000  0.0000000        
      0.2672000  0.3346040  0.0000000  1.0000000  0.0000000  0.0000000        
      0.0736100  0.0000000  0.0000000  0.0000000  1.0000000  0.0000000        
      0.0203000  0.0000000  0.0000000  0.0000000  0.0000000  1.0000000        
! d functions
F   4    4
      3.1070000  1.0000000  0.0000000  0.0000000  0.0000000        
      0.8550000  0.0000000  1.0000000  0.0000000  0.0000000        
      0.2920000  0.0000000  0.0000000  1.0000000  0.0000000        
      0.0997000  0.0000000  0.0000000  0.0000000  1.0000000        
! f functions
F   3    3
      1.9170000  1.0000000  0.0000000  0.0000000        
      0.7240000  0.0000000  1.0000000  0.0000000        
      0.2730000  0.0000000  0.0000000  1.0000000        
