! Hydrogen
! BASIS="d-aug-cc-pVTZ"
! [5s,4p,3d]                          
!
!  S functions
F   7    5
    33.87000   0.006068   0.000000   0.000000   0.000000   0.000000
     5.09500   0.045308   0.000000   0.000000   0.000000   0.000000
     1.15900   0.202822   0.000000   0.000000   0.000000   0.000000
     0.32580   0.503903   1.000000   0.000000   0.000000   0.000000
     0.10270   0.383421   0.000000   1.000000   0.000000   0.000000
     0.02526   0.000000   0.000000   0.000000   1.000000   0.000000
     0.00621   0.000000   0.000000   0.000000   0.000000   1.000000
!
!  P functions
F   4    4
     1.40700   1.000000   0.000000   0.000000   0.000000
     0.38800   0.000000   1.000000   0.000000   0.000000
     0.10200   0.000000   0.000000   1.000000   0.000000
     0.02680   0.000000   0.000000   0.000000   1.000000
!
!  D functions
F   3    3
     1.05700   1.000000   0.000000   0.000000
     0.24700   0.000000   1.000000   0.000000
     0.05770   0.000000   0.000000   1.000000
