! Basis = d-aug-cc-pVTZ
! HELIUM       (6s,2p,1d)->[3s,2p,1d]
! HELIUM       (1s,1p,1d)
! HELIUM       (1s,1p,1d)
! s functions
F   8    5
    234.0000000  0.0025870  0.0000000  0.0000000  0.0000000  0.0000000        
     35.1600000  0.0195330  0.0000000  0.0000000  0.0000000  0.0000000        
      7.9890000  0.0909980  0.0000000  0.0000000  0.0000000  0.0000000        
      2.2120000  0.2720500  0.0000000  0.0000000  0.0000000  0.0000000        
      0.6669000  0.4780650  1.0000000  0.0000000  0.0000000  0.0000000        
      0.2089000  0.3077370  0.0000000  1.0000000  0.0000000  0.0000000        
      0.0513800  0.0000000  0.0000000  0.0000000  1.0000000  0.0000000        
      0.0126000  0.0000000  0.0000000  0.0000000  0.0000000  1.0000000        
! p functions
F   4    4
      3.0440000  1.0000000  0.0000000  0.0000000  0.0000000        
      0.7580000  0.0000000  1.0000000  0.0000000  0.0000000        
      0.1993000  0.0000000  0.0000000  1.0000000  0.0000000        
      0.0524000  0.0000000  0.0000000  0.0000000  1.0000000        
! d functions
F   3    3
      1.9650000  1.0000000  0.0000000  0.0000000        
      0.4592000  0.0000000  1.0000000  0.0000000        
      0.1070000  0.0000000  0.0000000  1.0000000        
