!
! C : cc-pVDZ
! (9s,4p,1d) -> [3s,2p,1d]                          
!
 S   9
  1        6665.000000         0.6920000000E-03
  2        1000.000000         0.5329000000E-02
  3        228.0000000         0.2707700000E-01
  4        64.71000000         0.1017180000    
  5        21.06000000         0.2747400000    
  6        7.495000000         0.4485640000    
  7        2.797000000         0.2850740000    
  8       0.5215000000         0.1520400000E-01
  9       0.1596000000        -0.3191000000E-02
 S   9
  1        6665.000000        -0.1460000000E-03
  2        1000.000000        -0.1154000000E-02
  3        228.0000000        -0.5725000000E-02
  4        64.71000000        -0.2331200000E-01
  5        21.06000000        -0.6395500000E-01
  6        7.495000000        -0.1499810000    
  7        2.797000000        -0.1272620000    
  8       0.5215000000         0.5445290000    
  9       0.1596000000         0.5804960000    
 S   1
  1       0.1596000000          1.000000000    
 P   4
  1        9.439000000         0.3810900000E-01
  2        2.002000000         0.2094800000    
  3       0.5456000000         0.5085570000    
  4       0.1517000000         0.4688420000    
 P   1
  1       0.1517000000          1.000000000    
 D   1
  1       0.5500000000          1.000000000
