!
! O: cc-pVDZ
!  [3s2p1d]
!
 S   9
  1        11720.00000         0.7100000000E-03
  2        1759.000000         0.5470000000E-02
  3        400.8000000         0.2783700000E-01
  4        113.7000000         0.1048000000    
  5        37.03000000         0.2830620000    
  6        13.27000000         0.4487190000    
  7        5.025000000         0.2709520000    
  8        1.013000000         0.1545800000E-01
  9       0.3023000000        -0.2585000000E-02
 S   9
  1        11720.00000        -0.1600000000E-03
  2        1759.000000        -0.1263000000E-02
  3        400.8000000        -0.6267000000E-02
  4        113.7000000        -0.2571600000E-01
  5        37.03000000        -0.7092400000E-01
  6        13.27000000        -0.1654110000    
  7        5.025000000        -0.1169550000    
  8        1.013000000         0.5573680000    
  9       0.3023000000         0.5727590000    
 S   1
  1       0.3023000000          1.000000000    
 P   4
  1        17.70000000         0.4301800000E-01
  2        3.854000000         0.2289130000    
  3        1.046000000         0.5087280000    
  4       0.2753000000         0.4605310000    
 P   1
  1       0.2753000000          1.000000000    
 D   1
  1        1.185000000          1.000000000    
