basis "Ca_augA-Sadlej pVTZ" SPHERICAL
Ca    S
 171297.1500000              0.0002510             -0.0000731              0.0000251        
  25997.4300000              0.0019090             -0.0005518              0.0001906        
   5996.4800000              0.0097392             -0.0028696              0.0009853        
   1714.7300000              0.0391060             -0.0115111              0.0039962        
    563.6532000              0.1244994             -0.0394741              0.0136087        
    204.9460000              0.2952087             -0.1021232              0.0362825        
     80.4514700              0.4195611             -0.2061724              0.0737642        
     33.1409200              0.2427536             -0.1414723              0.0575850        
      9.8791460              0.0215154              0.4959007             -0.2526893        
Ca    S
      3.9946700              1.0000000        
Ca    S
      0.9853430              1.0000000        
Ca    S
      0.4116160              1.0000000        
Ca    S
      0.0656050              1.0000000        
Ca    S
      0.0267400              1.0000000        
Ca    S
      0.0106200              1.0000000        
Ca    P
   1003.0270000              0.0022207             -0.0007275        
    237.8239000              0.0178648             -0.0058537        
     76.5694800              0.0827314             -0.0279479        
     28.7376800              0.2419521             -0.0840570        
     11.6368800              0.4242078             -0.1590285        
      4.9032080              0.3585782             -0.1215982        
      1.9233700              0.0750382              0.2485835        
      0.7800580              0.0045102              0.5954336        
Ca    P
      0.2937640              1.0000000        
Ca    P
      0.1106300              1.0000000        
Ca    P
      0.0416600              1.0000000        
Ca    P
      0.0156900              1.0000000        
Ca    P
      0.0059100              1.0000000        
Ca    D
      0.7800600              0.5187000        
      0.2937600              0.5658700        
Ca    D
      0.0416600              0.3333500        
      0.0156900              0.1408900        
Ca    F
      0.2937600              1.0000000
end
