basis "K_augA-Sadlej pVTZ" SPHERICAL
K    S
 151351.9000000              0.0002585              0.0000745             -0.0000245        
  22745.9100000              0.0019920              0.0005698             -0.0001882        
   5227.1660000              0.0101469              0.0029599             -0.0009718        
   1500.1880000              0.0403666              0.0117604             -0.0039039        
    495.4703000              0.1273002              0.0400206             -0.0131897        
    180.9008000              0.2985825              0.1023769             -0.0347707        
     71.2176900              0.4185002              0.2050881             -0.0700552        
     29.3842800              0.2370813              0.1351508             -0.0525456        
      8.6992430              0.0202067             -0.5025714              0.2420632        
K    S
      3.4733040              1.0000000        
K    S
      0.8145620              1.0000000        
K    S
      0.3189150              1.0000000        
K    S
      0.0354840              1.0000000        
K    S
      0.0163900              1.0000000        
K    S
      0.0075700              1.0000000        
K    P
    868.3903000              0.0023351              0.0001788        
    205.5765000              0.0187544              0.0057641        
     65.9123000              0.0865586              0.0274699        
     24.5986300              0.2502799              0.0813920        
      9.8822810              0.4300397              0.1513598        
      4.1167510              0.3511437              0.1082711        
      1.5560040              0.0664197             -0.2619370        
      0.6121880             -0.0512530             -0.5840310        
K    P
      0.2230530              1.0000000        
K    P
      0.0812600              1.0000000        
K    P
      0.0296100              1.0000000        
K    P
      0.0107900              1.0000000        
K    P
      0.0039300              1.0000000        
K    D
      0.6121900              0.5723700        
      0.2230500              0.6652800        
K    D
      0.0296100              0.3765800        
      0.0107900              0.3729500        
K    F
      0.2230500              1.0000000        
end
