! ar def2-TZVP
!
   4  s
  5263.6806109      0.11395213560
  2131.1025016      0.13979051200
  905.59284828      0.43542717540
  403.33820626      0.64677864890
   1  s
  187.96084989      0.59962828300
   1  s
  91.459651184       1.0000000000
   1  s
  46.355029964       1.0000000000
   1  s
  24.402913726       1.0000000000
   1  s
  13.300363384       1.0000000000
   1  s
  7.4780662500       1.0000000000
   1  s
  4.3199524120       1.0000000000
   1  s
  2.5529151480       1.0000000000
   1  s
  1.5361257900       1.0000000000
   1  s
 0.93648322400       1.0000000000
   1  s
 0.57546497200       1.0000000000
   1  s
 0.35456225600       1.0000000000
   2  p
  741.79866192      0.15995124160
  271.17170470      0.48790754470
   1  p
  104.61552155      0.85811527670
   1  p
  42.462299714       1.0000000000
   1  p
  18.065408518       1.0000000000
   1  p
  8.0207858120       1.0000000000
   1  p
  3.6974537560       1.0000000000
   1  p
  1.7595847720       1.0000000000
   1  p
 0.85897467200       1.0000000000
   1  p
 0.42719751800       1.0000000000
   1  p
 0.21488043000       1.0000000000
   1  p
 0.10849704000       1.0000000000
   2  d
  238.96900597      0.20462580500
  80.081468072      0.97884027290
   1  d
  33.078715464       1.0000000000
   1  d
  14.788950898       1.0000000000
   1  d
  6.7882316460       1.0000000000
   1  d
  3.1040287980       1.0000000000
   1  d
  1.4521096360       1.0000000000
   1  d
 0.69069873000       1.0000000000
   1  d
 0.33186818200       1.0000000000
   1  d
 0.15999812000       1.0000000000
   1  f
  10.407923700       1.0000000000
   1  f
  2.9520407100       1.0000000000
   1  f
  1.0885968500       1.0000000000
   1  f
 0.43334692800       1.0000000000
   1  g
  1.2590208460       1.0000000000
