! b def2-TZVP
!
   5  s
  305.05125940      0.16485872290
  137.90047530      0.74718397200E-01
  65.111853000      0.45079426670
  32.045079900      0.46218536590
  16.399255900      0.65143990500
   1  s
  8.7025338000      0.32346473130
   1  s
  4.7737916000      0.14630309960
   1  s
  2.6974657000       1.0000000000
   1  s
  1.5640429000       1.0000000000
   1  s
 0.92667010000       1.0000000000
   1  s
 0.55852530000       1.0000000000
   1  s
 0.34084340000       1.0000000000
   1  s
 0.20957330000       1.0000000000
   1  s
 0.12918500000       1.0000000000
   3  p
  94.469984000      0.56061232800E-01
  36.819812900      0.15102085150
  15.710121000      0.45838198630
   1  p
  6.7457081000      0.71426911270
   1  p
  3.1084655000      0.50374143160
   1  p
  1.4682066000       1.0000000000
   1  p
 0.71301790000       1.0000000000
   1  p
 0.35338400000       1.0000000000
   1  p
 0.17732940000       1.0000000000
   1  p
 0.90249900000E-01   1.0000000000
   2  d
  5.3664080000      0.41332265050
  2.0479009000      0.91058464000
   1  d
 0.87436970000       1.0000000000
   1  d
 0.40794330000       1.0000000000
   1  d
 0.20154400000       1.0000000000
   1  d
 0.10156760000       1.0000000000
   2  f
  1.5043374000      0.30916402260
 0.59487180000      0.62216429740
   1  g
 0.87665570000      0.71925600040
