! f def2-TZVP
!
   5  s
  858.40986550      0.15724526030
  329.08541150      0.22410411410
  134.26832490      0.59862046130
  58.197052700      0.64592399510
  26.732570500      0.38663550020
   1  s
  12.973304700       1.0000000000
   1  s
  6.6262885000       1.0000000000
   1  s
  3.5457034000       1.0000000000
   1  s
  1.9769882000       1.0000000000
   1  s
  1.1415471000       1.0000000000
   1  s
 0.67791470000       1.0000000000
   1  s
 0.41094040000       1.0000000000
   1  s
 0.25224670000       1.0000000000
   1  s
 0.15548980000       1.0000000000
   3  p
  146.43308040      0.23153859350
  49.907475200      0.45919101790
  24.555015800      0.70668711020
   1  p
  10.579579200      0.48592881900
   1  p
  5.4280075000       1.0000000000
   1  p
  2.9079399000       1.0000000000
   1  p
  1.4550833000       1.0000000000
   1  p
 0.73152390000       1.0000000000
   1  p
 0.36880500000       1.0000000000
   1  p
 0.18611230000       1.0000000000
   3  d
  42.931821000      0.94532677800E-01
  16.655135500      0.36468605240
  6.4612572000      0.92631941360
   1  d
  2.5066049000       1.0000000000
   1  d
 0.97242190000       1.0000000000
   1  d
 0.37724510000       1.0000000000
   1  f
  3.4749889000      0.70247694460
   1  f
  1.2194812000      0.71170650010
   1  g
  2.0459091000       1.0000000000
