! ne def2-TZVP
!
   5  s
  1073.0123319      0.15724526030
  411.35676437      0.22410411410
  167.83540612      0.59862046130
  72.746315875      0.64592399510
  33.415713125      0.38663550020
   1  s
  16.216630875       1.0000000000
   1  s
  8.2828606250       1.0000000000
   1  s
  4.4321292500       1.0000000000
   1  s
  2.4712352500       1.0000000000
   1  s
  1.4269338750       1.0000000000
   1  s
 0.84739337500       1.0000000000
   1  s
 0.51367550000       1.0000000000
   1  s
 0.31530837500       1.0000000000
   1  s
 0.19436225000       1.0000000000
   3  p
  183.04135050      0.23153859350
  62.384344000      0.45919101790
  30.693769750      0.70668711020
   1  p
  13.224474000      0.48592881900
   1  p
  6.7850093750       1.0000000000
   1  p
  3.6349248750       1.0000000000
   1  p
  1.8188541250       1.0000000000
   1  p
 0.91440487500       1.0000000000
   1  p
 0.46100625000       1.0000000000
   1  p
 0.23264037500       1.0000000000
   3  d
  53.664776250      0.94532677800E-01
  20.818919375      0.36468605240
  8.0765715000      0.92631941360
   1  d
  3.1332561250       1.0000000000
   1  d
  1.2155273750       1.0000000000
   1  d
 0.47155637500       1.0000000000
   1  f
  4.3437361250      0.70247694460
   1  f
  1.5243515000      0.71170650010
   1  g
  2.5573863750       1.0000000000
