! cl def2-TZVPP
!
   4  s
  4314.4923040      0.11395213560
  1746.8053292      0.13979051200
  742.28921990      0.43542717540
  330.60508710      0.64677864890
   1  s
  154.06627040      0.59962828300
   1  s
  74.966927200       1.0000000000
   1  s
  37.995926200       1.0000000000
   1  s
  20.002388300       1.0000000000
   1  s
  10.901937200       1.0000000000
   1  s
  6.1295625000       1.0000000000
   1  s
  3.5409446000       1.0000000000
   1  s
  2.0925534000       1.0000000000
   1  s
  1.2591195000       1.0000000000
   1  s
 0.76760920000       1.0000000000
   1  s
 0.47169260000       1.0000000000
   1  s
 0.29062480000       1.0000000000
   2  p
  608.03169010      0.15995124160
  222.27188910      0.48790754470
   1  p
  85.750427500      0.85811527670
   1  p
  34.805163700       1.0000000000
   1  p
  14.807711900       1.0000000000
   1  p
  6.5744146000       1.0000000000
   1  p
  3.0306998000       1.0000000000
   1  p
  1.4422826000       1.0000000000
   1  p
 0.70407760000       1.0000000000
   1  p
 0.35016190000       1.0000000000
   1  p
 0.17613150000       1.0000000000
   1  p
 0.88932000000E-01   1.0000000000
   2  d
  195.87623440      0.20462580500
  65.640547600      0.97884027290
   1  d
  27.113701200       1.0000000000
   1  d
  12.122090900       1.0000000000
   1  d
  5.5641243000       1.0000000000
   1  d
  2.5442859000       1.0000000000
   1  d
  1.1902538000       1.0000000000
   1  d
 0.56614650000       1.0000000000
   1  d
 0.27202310000       1.0000000000
   1  d
 0.13114600000       1.0000000000
   1  f
  8.5310850000       1.0000000000
   1  f
  2.4197055000       1.0000000000
   1  f
 0.89229250000       1.0000000000
   1  f
 0.35520240000       1.0000000000
   1  g
  1.0319843000       1.0000000000
