! o def2-TZVPP
!
   5  s
  625.28298110      0.18479249890
  253.93274180      0.19224605780
  109.04929550      0.59372043000
  49.423005600      0.60593463970
  23.580521100      0.45741933600
   1  s
  11.807759100       1.0000000000
   1  s
  6.1827814000       1.0000000000
   1  s
  3.3709061000       1.0000000000
   1  s
  1.9042805000       1.0000000000
   1  s
  1.1085447000       1.0000000000
   1  s
 0.66098860000       1.0000000000
   1  s
 0.40108140000       1.0000000000
   1  s
 0.24597690000       1.0000000000
   1  s
 0.15139390000       1.0000000000
   3  p
  77.687483800      0.39010104350
  22.415388400      0.83793482660
  9.8906463000      0.38168888150
   1  p
  5.4848863000       1.0000000000
   1  p
  2.9732983000       1.0000000000
   1  p
  1.4735260000       1.0000000000
   1  p
 0.73603410000       1.0000000000
   1  p
 0.36974140000       1.0000000000
   1  p
 0.18637210000       1.0000000000
   1  p
 0.94990600000E-01   1.0000000000
   3  d
  37.707107400      0.77860015600E-01
  14.775254300      0.31355206270
  5.8470900000      0.94637356360
   1  d
  2.3304365000       1.0000000000
   1  d
 0.93282670000       1.0000000000
   1  d
 0.37392850000       1.0000000000
   1  f
  3.0293422000      0.76154791140
   1  f
 0.92484900000      0.64810861640
   1  g
  1.6934809000       1.0000000000
