! Iodine
! aug-Sadlej-pVTZ  : sp
! (20s,16p,13d,5f) -> [12s,10p,7d,3f]
!
! Sadlej pVTZ  EMSL  Basis Set Exchange Library   2/16/11 9:38 AM
! A. J. Sadlej, Collec. Czech. Chem. Commun.  53, 1995 (1988)
! A. J. Sadlej and M. Urban, J. Mol. Struct. (THEOCHEM) 234, 147 (1991)
! A. J. Sadlej, Theor. Chim. Acta 79, 123 (1992)
! A. J. Sadlej, Theor. Chim. Acta 81, 45 (1992)
! A. J. Sadlej, Theor. Chim. Acta 81, 339 (1992)
!
! s functions
H  20   12
  1024924.8000000000       -0.0003112000        0.0001012000       -0.0000451000
                           -0.0000203000        0.0000069000        0.0000000000
                            0.0000000000        0.0000000000        0.0000000000
                            0.0000000000        0.0000000000        0.0000000000
   154843.1300000000       -0.0023822000        0.0007736000       -0.0003451000
                           -0.0001556000        0.0000529000        0.0000000000
                            0.0000000000        0.0000000000        0.0000000000
                            0.0000000000        0.0000000000        0.0000000000
    35646.3360000000       -0.0121028000        0.0039784000       -0.0017715000
                           -0.0007992000        0.0002719000        0.0000000000
                            0.0000000000        0.0000000000        0.0000000000
                            0.0000000000        0.0000000000        0.0000000000
    10272.6300000000       -0.0473906000        0.0158201000       -0.0070961000
                           -0.0032017000        0.0010883000        0.0000000000
                            0.0000000000        0.0000000000        0.0000000000
                            0.0000000000        0.0000000000        0.0000000000
     3434.4769000000       -0.1443574000        0.0517979000       -0.0233084000
                           -0.0105449000        0.0035900000        0.0000000000
                            0.0000000000        0.0000000000        0.0000000000
                            0.0000000000        0.0000000000        0.0000000000
     1284.4313000000       -0.3164481000        0.1298812000       -0.0602625000
                           -0.0273582000        0.0093065000        0.0000000000
                            0.0000000000        0.0000000000        0.0000000000
                            0.0000000000        0.0000000000        0.0000000000
      525.6418900000       -0.4018988000        0.2340313000       -0.1124651000
                           -0.0516988000        0.0176738000        0.0000000000
                            0.0000000000        0.0000000000        0.0000000000
                            0.0000000000        0.0000000000        0.0000000000
      230.7412700000       -0.2058581000        0.1378589000       -0.0761724000
                           -0.0355751000        0.0121096000        0.0000000000
                            0.0000000000        0.0000000000        0.0000000000
                            0.0000000000        0.0000000000        0.0000000000
       87.2552170000       -0.0195178000       -0.4704590000        0.3515680000
                            0.1753485000       -0.0605902000        0.0000000000
                            0.0000000000        0.0000000000        0.0000000000
                            0.0000000000        0.0000000000        0.0000000000
       39.4944640000        0.0035105000       -0.6244144000        0.6449758000
                            0.3578347000       -0.1275278000        0.0000000000
                            0.0000000000        0.0000000000        0.0000000000
                            0.0000000000        0.0000000000        0.0000000000
       14.2545200000       -0.0021503000       -0.1186834000       -0.4140994000
                           -0.3285772000        0.1280144000        0.0000000000
                            0.0000000000        0.0000000000        0.0000000000
                            0.0000000000        0.0000000000        0.0000000000
        7.6466089000        0.0019077000        0.0377119000       -0.8084290000
                           -0.9202006000        0.3725377000        0.0000000000
                            0.0000000000        0.0000000000        0.0000000000
                            0.0000000000        0.0000000000        0.0000000000
        3.0500598000       -0.0017174000       -0.0247635000       -0.1559773000
                            0.2478261000       -0.1394091000        0.0000000000
                            0.0000000000        0.0000000000        0.0000000000
                            0.0000000000        0.0000000000        0.0000000000
        1.7326181000        0.0000000000        0.0000000000        0.0000000000
                            0.0000000000        0.0000000000        1.0000000000
                            0.0000000000        0.0000000000        0.0000000000
                            0.0000000000        0.0000000000        0.0000000000
        0.8768236000        0.0000000000        0.0000000000        0.0000000000
                            0.0000000000        0.0000000000        0.0000000000
                            1.0000000000        0.0000000000        0.0000000000
                            0.0000000000        0.0000000000        0.0000000000
        0.6349930000        0.0000000000        0.0000000000        0.0000000000
                            0.0000000000        0.0000000000        0.0000000000
                            0.0000000000        1.0000000000        0.0000000000
                            0.0000000000        0.0000000000        0.0000000000
        0.2564976000        0.0000000000        0.0000000000        0.0000000000
                            0.0000000000        0.0000000000        0.0000000000
                            0.0000000000        0.0000000000        1.0000000000
                            0.0000000000        0.0000000000        0.0000000000
        0.1061169000        0.0000000000        0.0000000000        0.0000000000
                            0.0000000000        0.0000000000        0.0000000000
                            0.0000000000        0.0000000000        0.0000000000
                            1.0000000000        0.0000000000        0.0000000000
        0.0439022000        0.0000000000        0.0000000000        0.0000000000
                            0.0000000000        0.0000000000        0.0000000000
                            0.0000000000        0.0000000000        0.0000000000
                            0.0000000000        1.0000000000        0.0000000000
        0.0146340000        0.0000000000        0.0000000000        0.0000000000
                            0.0000000000        0.0000000000        0.0000000000
                            0.0000000000        0.0000000000        0.0000000000
                            0.0000000000        0.0000000000        1.0000000000
! p functions
H  16   10
     7299.0410000000        0.0026316000        0.0012293000        0.0005366000
                            0.0001599000        0.0000000000        0.0000000000
                            0.0000000000        0.0000000000        0.0000000000
                            0.0000000000
     1767.8671000000        0.0204925000        0.0096738000        0.0042285000
                            0.0012612000        0.0000000000        0.0000000000
                            0.0000000000        0.0000000000        0.0000000000
                            0.0000000000
      590.0943300000        0.0932057000        0.0455881000        0.0200867000
                            0.0059946000        0.0000000000        0.0000000000
                            0.0000000000        0.0000000000        0.0000000000
                            0.0000000000
      231.4938700000        0.2616339000        0.1356119000        0.0603974000
                            0.0180769000        0.0000000000        0.0000000000
                            0.0000000000        0.0000000000        0.0000000000
                            0.0000000000
      101.7317600000        0.4158847000        0.2345662000        0.1067446000
                            0.0320064000        0.0000000000        0.0000000000
                            0.0000000000        0.0000000000        0.0000000000
                            0.0000000000
       47.5691190000        0.3128182000        0.1201292000        0.0467467000
                            0.0137283000        0.0000000000        0.0000000000
                            0.0000000000        0.0000000000        0.0000000000
                            0.0000000000
       22.2754040000        0.0714857000       -0.3495375000       -0.2201150000
                           -0.0700630000        0.0000000000        0.0000000000
                            0.0000000000        0.0000000000        0.0000000000
                            0.0000000000
       10.8408970000        0.0010960000       -0.5837640000       -0.4207903000
                           -0.1360543000        0.0000000000        0.0000000000
                            0.0000000000        0.0000000000        0.0000000000
                            0.0000000000
        5.2379498000        0.0006345000       -0.2062012000        0.0628580000
                            0.0381252000        0.0000000000        0.0000000000
                            0.0000000000        0.0000000000        0.0000000000
                            0.0000000000
        2.5466334000       -0.0003811000       -0.8572306000        0.6434501000
                            0.2700960000        0.0000000000        0.0000000000
                            0.0000000000        0.0000000000        0.0000000000
                            0.0000000000
        1.2106848000        0.0000000000        0.0000000000        0.0000000000
                            0.0000000000        1.0000000000        0.0000000000
                            0.0000000000        0.0000000000        0.0000000000
                            0.0000000000
        0.5744092000        0.0000000000        0.0000000000        0.0000000000
                            0.0000000000        0.0000000000        1.0000000000
                            0.0000000000        0.0000000000        0.0000000000
                            0.0000000000
        0.2465331000        0.0000000000        0.0000000000        0.0000000000
                            0.0000000000        0.0000000000        0.0000000000
                            1.0000000000        0.0000000000        0.0000000000
                            0.0000000000
        0.0913532000        0.0000000000        0.0000000000        0.0000000000
                            0.0000000000        0.0000000000        0.0000000000
                            0.0000000000        1.0000000000        0.0000000000
                            0.0000000000
        0.0338511000        0.0000000000        0.0000000000        0.0000000000
                            0.0000000000        0.0000000000        0.0000000000
                            0.0000000000        0.0000000000        1.0000000000
                            0.0000000000
        0.0112840000        0.0000000000        0.0000000000        0.0000000000
                            0.0000000000        0.0000000000        0.0000000000
                            0.0000000000        0.0000000000        0.0000000000
                            1.0000000000
