!
! Ar: aug-cc-pVTZ
!  [6s,5p,3d,2f]                   
!
S   13
  1 545000.0000000              0.455828D-04     
  2  81640.0000000              0.354108D-03     
  3  18580.0000000              0.185797D-02     
  4   5261.0000000              0.776851D-02     
  5   1717.0000000              0.274232D-01     
  6    619.9000000              0.823836D-01     
  7    241.6000000              0.201230D+00     
  8     99.7900000              0.356781D+00     
  9     43.1500000              0.349563D+00     
 10     19.1400000              0.118266D+00     
 11      7.4880000              0.560190D-02     
 12      3.2050000              0.483473D-03     
 13      0.5204000              0.292025D-04     
S   13
  1 545000.0000000             -0.129551D-04     
  2  81640.0000000             -0.100428D-03     
  3  18580.0000000             -0.529583D-03     
  4   5261.0000000             -0.221396D-02     
  5   1717.0000000             -0.796845D-02     
  6    619.9000000             -0.245803D-01     
  7    241.6000000             -0.657798D-01     
  8     99.7900000             -0.137942D+00     
  9     43.1500000             -0.201630D+00     
 10     19.1400000             -0.412834D-01     
 11      7.4880000              0.484680D+00     
 12      3.2050000              0.579224D+00     
 13      0.5204000             -0.727553D-02     
S   13
  1 545000.0000000              0.404990D-05     
  2  81640.0000000              0.313691D-04     
  3  18580.0000000              0.165646D-03     
  4   5261.0000000              0.691662D-03     
  5   1717.0000000              0.249790D-02     
  6    619.9000000              0.771074D-02     
  7    241.6000000              0.208714D-01     
  8     99.7900000              0.443965D-01     
  9     43.1500000              0.680224D-01     
 10     19.1400000              0.141350D-01     
 11      7.4880000             -0.207489D+00     
 12      3.2050000             -0.425045D+00     
 13      0.5204000              0.733627D+00     
S   1
  1      1.1960000              1.0000000        
S   1
  1      0.1954000              1.0000000        
S   1
  1      0.0685000              1.0000000        
P   7
  1    761.8000000              0.236976D-02     
  2    180.2000000              0.190199D-01     
  3     57.5000000              0.880807D-01     
  4     21.2400000              0.256377D+00     
  5      8.3880000              0.438711D+00     
  6      3.4160000              0.347569D+00     
  7      0.4523000             -0.523882D-02     
P   7
  1    761.8000000             -0.667211D-03     
  2    180.2000000             -0.532717D-02     
  3     57.5000000             -0.255494D-01     
  4     21.2400000             -0.757197D-01     
  5      8.3880000             -0.141133D+00     
  6      3.4160000             -0.932768D-01     
  7      0.4523000              0.562450D+00     
P   1
  1      1.2060000              1.0000000        
P   1
  1      0.1545000              1.0000000        
P   1
  1      0.0487000              1.0000000        
D   1
  1      1.2540000              1.0000000        
D   1
  1      0.4100000              1.0000000        
D   1
  1      0.1690000              1.0000000        
F   1
  1      0.8900000              1.0000000        
F   1
  1      0.4060000              1.0000000       
