! H: aug-cc-pVTZ
! [4s,3p,2d]                          
 S   5
  1        33.87000000         0.6068000000E-02
  2        5.095000000         0.4530800000E-01
  3        1.159000000         0.2028220000    
  4       0.3258000000         0.5039030000
  5       0.1027000000         0.3834210000
 S   1
  1       0.3258000000          1.000000000    
 S   1
  1       0.1027000000          1.000000000    
 S   1
  1       0.252600000E-01      1.00000000    
 P   1
  1        1.407000000          1.000000000    
 P   1
  1       0.3880000000          1.000000000    
 P   1
  1       0.102000000          1.00000000    
 D   1
  1        1.057000000          1.000000000    
 D   1
  1       0.247000000          1.00000000    
