!
! O: aug-cc-pVTZ
!  [5s,4p,3d,2f]                   
!
 S  10
  1        15330.00000         0.5080000000E-03
  2        2299.000000         0.3929000000E-02
  3        522.4000000         0.2024300000E-01
  4        147.3000000         0.7918100000E-01
  5        47.55000000         0.2306870000    
  6        16.76000000         0.4331180000    
  7        6.207000000         0.3502600000    
  8        1.752000000         0.4272800000E-01
  9       0.6882000000        -0.8154000000E-02
 10       0.2384000000         0.2381000000E-02
 S  10
  1        15330.00000        -0.1150000000E-03
  2        2299.000000        -0.8950000000E-03
  3        522.4000000        -0.4636000000E-02
  4        147.3000000        -0.1872400000E-01
  5        47.55000000        -0.5846300000E-01
  6        16.76000000        -0.1364630000    
  7        6.207000000        -0.1757400000    
  8        1.752000000         0.1609340000    
  9       0.6882000000         0.6034180000    
 10       0.2384000000         0.3787650000    
 S   1
  1        1.752000000          1.000000000    
 S   1
  1       0.2384000000          1.000000000    
 S   1
  1       0.737600000E-01      1.00000000    
 P   5
  1        34.46000000         0.1592800000E-01
  2        7.749000000         0.9974000000E-01
  3        2.280000000         0.3104920000    
  4       0.7156000000         0.4910260000    
  5       0.2140000000         0.3363370000    
 P   1
  1       0.7156000000          1.000000000    
 P   1
  1       0.2140000000          1.000000000    
 P   1
  1       0.597400000E-01      1.00000000    
 D   1
  1        2.314000000          1.000000000    
 D   1
  1       0.6450000000          1.000000000    
 D   1
  1       0.214000000          1.00000000    
 F   1
  1        1.428000000          1.000000000    
 F   1
  1       0.500000000          1.00000000    
