!  aug-cc-pVTZ  EMSL  Basis Set Exchange Library   7/28/11 8:53 AM
! Basis = aug-cc-pVTZ
! ALUMINIUM       (16s,10p,3d,2f) -> [6s,5p,3d,2f]
! ALUMINIUM       (15s,9p,2d,1f) -> [5s,4p,2d,1f]
! ALUMINIUM       (1s,1p,1d,1f)
! s functions
H  16    6
   205500.0000000000        0.0000678836       -0.0000176377        0.0000040732
                            0.0000000000        0.0000000000        0.0000000000
    30780.0000000000        0.0005271490       -0.0001371950        0.0000316566
                            0.0000000000        0.0000000000        0.0000000000
     7006.0000000000        0.0027620300       -0.0007189100        0.0001661160
                            0.0000000000        0.0000000000        0.0000000000
     1985.0000000000        0.0114728000       -0.0030114600        0.0006949920
                            0.0000000000        0.0000000000        0.0000000000
      649.1000000000        0.0398188000       -0.0106014000        0.0024551100
                            0.0000000000        0.0000000000        0.0000000000
      235.0000000000        0.1150400000       -0.0321345000        0.0074459800
                            0.0000000000        0.0000000000        0.0000000000
       91.6200000000        0.2608870000       -0.0803156000        0.0188253000
                            0.0000000000        0.0000000000        0.0000000000
       37.6700000000        0.3963860000       -0.1567940000        0.0372772000
                            0.0000000000        0.0000000000        0.0000000000
       15.9100000000        0.2845970000       -0.1683760000        0.0419496000
                            0.0000000000        0.0000000000        0.0000000000
        5.8500000000        0.0444583000        0.1268790000       -0.0354375000
                            0.0000000000        0.0000000000        0.0000000000
        2.5420000000       -0.0048983800        0.5614940000       -0.1751320000
                            0.0000000000        0.0000000000        0.0000000000
        1.0570000000        0.0026125300        0.4366130000       -0.2762030000
                            0.0000000000        0.0000000000        0.0000000000
        0.2931000000       -0.0010891500        0.0357293000        0.1087290000
                            1.0000000000        0.0000000000        0.0000000000
        0.1455000000        0.0007220680       -0.0114563000        0.6528090000
                            0.0000000000        0.0000000000        0.0000000000
        0.0565000000       -0.0001784850        0.0022020100        0.3945870000
                            0.0000000000        1.0000000000        0.0000000000
        0.0221000000        0.0000000000        0.0000000000        0.0000000000
                            0.0000000000        0.0000000000        1.0000000000
! p functions
H  10    5
      444.4000000000        0.0016278600       -0.0002863410        0.0000000000
                            0.0000000000        0.0000000000
      105.1000000000        0.0130687000       -0.0024230800        0.0000000000
                            0.0000000000        0.0000000000
       33.4700000000        0.0612341000       -0.0108658000        0.0000000000
                            0.0000000000        0.0000000000
       12.3300000000        0.1878700000       -0.0364307000        0.0000000000
                            0.0000000000        0.0000000000
        4.8690000000        0.3604520000       -0.0641074000        0.0000000000
                            0.0000000000        0.0000000000
        1.9610000000        0.4084540000       -0.0972239000        0.0000000000
                            0.0000000000        0.0000000000
        0.7834000000        0.1886400000        0.0147437000        1.0000000000
                            0.0000000000        0.0000000000
        0.1888000000        0.0097651400        0.5034480000        0.0000000000
                            0.0000000000        0.0000000000
        0.0555700000       -0.0011505700        0.5979840000        0.0000000000
                            1.0000000000        0.0000000000
        0.0146000000        0.0000000000        0.0000000000        0.0000000000
                            0.0000000000        1.0000000000
! d functions
H   3    3
        0.3330000000        1.0000000000        0.0000000000        0.0000000000
        0.1090000000        0.0000000000        1.0000000000        0.0000000000
        0.0356000000        0.0000000000        0.0000000000        1.0000000000
! f functions
H   2    2
        0.2440000000        1.0000000000        0.0000000000
        0.0858000000        0.0000000000        1.0000000000


