!
! Ar: aug-cc-pVTZ
!  [6s,5p,3d,2f]                   
!
!
!  S functions
F  16    6
 545000.00000  0.455828D-04  -0.129551D-04  0.404990D-05  0.000  0.000 0.000
  81640.00000  0.354108D-03  -0.100428D-03  0.313691D-04  0.000  0.000 0.000
  18580.00000  0.185797D-02  -0.529583D-03  0.165646D-03  0.000  0.000 0.000
   5261.00000  0.776851D-02  -0.221396D-02  0.691662D-03  0.000  0.000 0.000
   1717.00000  0.274232D-01  -0.796845D-02  0.249790D-02  0.000  0.000 0.000
    619.90000  0.823836D-01  -0.245803D-01  0.771074D-02  0.000  0.000 0.000
    241.60000  0.201230D+00  -0.657798D-01  0.208714D-01  0.000  0.000 0.000
     99.79000  0.356781D+00  -0.137942D+00  0.443965D-01  0.000  0.000 0.000
     43.15000  0.349563D+00  -0.201630D+00  0.680224D-01  0.000  0.000 0.000
     19.14000  0.118266D+00  -0.412834D-01  0.141350D-01  0.000  0.000 0.000
      7.48800  0.560190D-02   0.484680D+00 -0.207489D+00  0.000  0.000 0.000
      3.20500  0.483473D-03   0.579224D+00 -0.425045D+00  0.000  0.000 0.000
      0.52040  0.292025D-04  -0.727553D-02  0.733627D+00  0.000  0.000 0.000
      1.19600  0.0000000      0.0000000     0.0000000     1.000  0.000 0.000
      0.19540  0.0000000      0.0000000     0.0000000     0.000  1.000 0.000
      0.06850  0.0000000      0.0000000     0.0000000     0.000  0.000 1.000
! p functions
F  10    5
    761.8000000  0.236976D-02  -0.667211D-03  0.0000000  0.0000000  0.0000000 
    180.2000000  0.190199D-01  -0.532717D-02  0.0000000  0.0000000  0.0000000 
     57.5000000  0.880807D-01  -0.255494D-01  0.0000000  0.0000000  0.0000000 
     21.2400000  0.256377D+00  -0.757197D-01  0.0000000  0.0000000  0.0000000 
      8.3880000  0.438711D+00  -0.141133D+00  0.0000000  0.0000000  0.0000000 
      3.4160000  0.347569D+00  -0.932768D-01  0.0000000  0.0000000  0.0000000 
      0.4523000 -0.523882D-02   0.562450D+00  0.0000000  0.0000000  0.0000000 
      1.2060000  0.0000000      0.0000000     1.0000000  0.0000000  0.0000000 
      0.1545000  0.0000000      0.0000000     0.0000000  1.0000000  0.0000000 
      0.0487000  0.0000000      0.0000000     0.0000000  0.0000000  1.0000000 
! d functions
F   3    3
      1.2540000  1.0000000  0.0000000  0.0000000        
      0.4100000  0.0000000  1.0000000  0.0000000        
      0.1690000  0.0000000  0.0000000  1.0000000        
! f functions
F   2    2
      0.8900000              1.0000000              0.0000000        
      0.4060000              0.0000000              1.0000000        
