! Basis = aug-cc-pVTZ
! BERYLLIUM       (11s,5p,2d,1f)->[4s,3p,2d,1f]
! BERYLLIUM       (1s,1p,1d,1f)
! s functions
F  12    5
   6863.0000000   0.0002360  -0.0000430   0.0000000   0.0000000   0.0000000
   1030.0000000   0.0018260  -0.0003330   0.0000000   0.0000000   0.0000000
    234.7000000   0.0094520  -0.0017360   0.0000000   0.0000000   0.0000000
     66.5600000   0.0379570  -0.0070120   0.0000000   0.0000000   0.0000000
     21.6900000   0.1199650  -0.0231260   0.0000000   0.0000000   0.0000000
      7.7340000   0.2821620  -0.0581380   0.0000000   0.0000000   0.0000000
      2.9160000   0.4274040  -0.1145560   0.0000000   0.0000000   0.0000000
      1.1300000   0.2662780  -0.1359080   0.0000000   0.0000000   0.0000000
      0.2577000   0.0181930   0.2280260   1.0000000   0.0000000   0.0000000
      0.1101000  -0.0072750   0.5774410   0.0000000   0.0000000   0.0000000
      0.0440900   0.0019030   0.3178730   0.0000000   1.0000000   0.0000000
      0.0150300   0.0000000   0.0000000   0.0000000   0.0000000   1.0000000
! p functions
F   6    4
      7.4360000   0.0107360   0.0000000   0.0000000   0.0000000        
      1.5770000   0.0628540   0.0000000   0.0000000   0.0000000        
      0.4352000   0.2481800   0.0000000   0.0000000   0.0000000        
      0.1438000   0.5236990   1.0000000   0.0000000   0.0000000        
      0.0499400   0.3534250   0.0000000   1.0000000   0.0000000        
      0.0070600   0.0000000   0.0000000   0.0000000   1.0000000        
! d functions
F   3    3
      0.3480000   1.0000000   0.0000000   0.0000000        
      0.1803000   0.0000000   1.0000000   0.0000000        
      0.0654000   0.0000000   0.0000000   1.0000000        
! f functions
F   2    2
      0.3250000   1.0000000   0.0000000        
      0.1533000   0.0000000   1.0000000        
