! H: aug-cc-pVTZ
! [4s,3p,2d]                          
!
!  S functions
F   6    4
    33.87000   0.006068   0.000000   0.000000   0.000000
     5.09500   0.045308   0.000000   0.000000   0.000000
     1.15900   0.202822   0.000000   0.000000   0.000000
     0.32580   0.503903   1.000000   0.000000   0.000000
     0.10270   0.383421   0.000000   1.000000   0.000000
     0.02526   0.000000   0.000000   0.000000   1.000000
!
!  P functions
F   3    3
     1.40700   1.000000   0.000000   0.000000
     0.38800   0.000000   1.000000   0.000000
     0.10200   0.000000   0.000000   1.000000
!
!  D functions
F   2    2
     1.05700   1.000000   0.000000
     0.24700   0.000000   1.000000
