! Basis = aug-cc-pVTZ
! LITHIUM       (11s,5p,2d,1f)->[4s,3p,2d,1f]
! LITHIUM       (1s,1p,1d,1f)
! s functions
F  12    5
   5988.0000000   0.0001330  -0.0000210   0.0000000   0.0000000   0.0000000
    898.9000000   0.0010250  -0.0001610   0.0000000   0.0000000   0.0000000
    205.9000000   0.0052720  -0.0008200   0.0000000   0.0000000   0.0000000
     59.2400000   0.0209290  -0.0033260   0.0000000   0.0000000   0.0000000
     19.8700000   0.0663400  -0.0105190   0.0000000   0.0000000   0.0000000
      7.4060000   0.1657750  -0.0280970   0.0000000   0.0000000   0.0000000
      2.9300000   0.3150380  -0.0559360   0.0000000   0.0000000   0.0000000
      1.1890000   0.3935230  -0.0992370   0.0000000   0.0000000   0.0000000
      0.4798000   0.1908700  -0.1121890   0.0000000   0.0000000   0.0000000
      0.0750900   0.0054140   0.5678890   1.0000000   0.0000000   0.0000000
      0.0283200  -0.0013280   0.5303820   0.0000000   1.0000000   0.0000000
      0.0076000   0.0000000   0.0000000   0.0000000   0.0000000   1.0000000
! p functions
F   6    4
      3.2660000   0.0086300   0.0000000   0.0000000   0.0000000        
      0.6511000   0.0475380   0.0000000   0.0000000   0.0000000        
      0.1696000   0.2097720   0.0000000   0.0000000   0.0000000        
      0.0557800   0.5285220   1.0000000   0.0000000   0.0000000        
      0.0205000   0.3827440   0.0000000   1.0000000   0.0000000        
      0.0091000   0.0000000   0.0000000   0.0000000   1.0000000        
! d functions
F   3    3
      0.1874000   1.0000000   0.0000000   0.0000000        
      0.0801000   0.0000000   1.0000000   0.0000000        
      0.0371000   0.0000000   0.0000000   1.0000000        
! f functions
F   2    2
      0.1829000   1.0000000   0.0000000        
      0.0816000   0.0000000   1.0000000        
