! Basis = aug-cc-pVTZ
! SULFUR       (16s,10p,3d,2f) -> [6s,5p,3d,2f]
! SULFUR       (15s,9p,2d,1f) -> [5s,4p,2d,1f]
! SULFUR       (1s,1p,1d,1f)
! s functions
F  16    6
 374100.0000000     0.542140D-04 -0.149837D-04  0.435066D-05  0.0  0.0  0.0
  56050.0000000     0.420855D-03 -0.116198D-03  0.337140D-04  0.0  0.0  0.0
  12760.0000000     0.220698D-02 -0.611583D-03  0.177674D-03  0.0  0.0  0.0
   3615.0000000     0.919258D-02 -0.255370D-02  0.741116D-03  0.0  0.0  0.0
   1183.0000000     0.321123D-01 -0.908708D-02  0.264591D-02  0.0  0.0  0.0
    428.8000000     0.946683D-01 -0.277045D-01  0.807487D-02  0.0  0.0  0.0
    167.8000000     0.223630D+00 -0.720020D-01  0.212276D-01  0.0  0.0  0.0
     69.4700000     0.374393D+00 -0.146439D+00  0.438323D-01  0.0  0.0  0.0
     29.8400000     0.329108D+00 -0.195150D+00  0.612716D-01  0.0  0.0  0.0
     12.7200000     0.847038D-01  0.819193D-02 -0.361510D-02  0.0  0.0  0.0
      5.2440000     0.440851D-03  0.516601D+00 -0.204510D+00  0.0  0.0  0.0
      2.2190000     0.164827D-02  0.542178D+00 -0.381871D+00  0.0  0.0  0.0
      0.3490000     0.301306D-03 -0.918072D-02  0.714147D+00  0.0  0.0  0.0
      0.7767000     0.0000000     0.0000000     0.0000000     1.0  0.0  0.0
      0.1322000     0.0000000     0.0000000     0.0000000     0.0  1.0  0.0
      0.0497000     0.0000000     0.0000000     0.0000000     0.0  0.0  1.0
! p functions     
F  10    5      
    574.4000000     0.242264D-02 -0.620102D-03  0.0000000     0.0  0.0
    135.8000000     0.192796D-01 -0.493882D-02  0.0000000     0.0  0.0
     43.1900000     0.885401D-01 -0.232647D-01  0.0000000     0.0  0.0
     15.8700000     0.254654D+00 -0.685195D-01  0.0000000     0.0  0.0
      6.2080000     0.433984D+00 -0.123896D+00  0.0000000     0.0  0.0
      2.4830000     0.354953D+00 -0.969499D-01  0.0000000     0.0  0.0
      0.3229000    -0.502977D-02  0.569394D+00  0.0000000     0.0  0.0
      0.8688000     0.0000000     0.0000000     1.0000000     0.0  0.0
      0.1098000     0.0000000     0.0000000     0.0000000     1.0  0.0
      0.0351000     0.0000000     0.0000000     0.0000000     0.0  1.0
! d functions     
F  3    3       
      0.8190000     1.0000000     0.0000000     0.0000000        
      0.2690000     0.0000000     1.0000000     0.0000000        
      0.1010000     0.0000000     0.0000000     1.0000000        
! f functions     
F  2     2       
      0.5570000     1.0000000     0.0000000        
      0.2180000     0.0000000     1.0000000        
