!
! ar: cc-pVQZ auxiliary basis without H-functions
!
   1  s
  454.94536896       1.0000000000
   1  s
  143.62193954       1.0000000000
   1  s
  46.487619905       1.0000000000
   1  s
  13.704394361       1.0000000000
   1  s
  7.6145898914       1.0000000000
   1  s
  4.0833294831       1.0000000000
   1  s
  1.9433229906       1.0000000000
   1  s
  1.0761390638       1.0000000000
   1  s
 0.71072310170       1.0000000000
   1  s
 0.33356013404       1.0000000000
   1  s
 0.19668425832       1.0000000000
   1  p
  205.38210726       1.0000000000
   1  p
  96.617853308       1.0000000000
   1  p
  17.159044646       1.0000000000
   1  p
  8.9961485293       1.0000000000
   1  p
  3.6489071036       1.0000000000
   1  p
  2.0299171020       1.0000000000
   1  p
  1.1284797803       1.0000000000
   1  p
 0.67453887012       1.0000000000
   1  p
 0.39749115679       1.0000000000
   1  d
  56.190604701       1.0000000000
   1  d
  19.414750893       1.0000000000
   1  d
  10.235531027       1.0000000000
   1  d
  5.2549227602       1.0000000000
   1  d
  2.1151960863       1.0000000000
   1  d
  1.3079469525       1.0000000000
   1  d
 0.66777819068       1.0000000000
   1  d
 0.30010790814       1.0000000000
   1  f
  18.300657914       1.0000000000
   1  f
  7.9615730273       1.0000000000
   1  f
  3.5545083768       1.0000000000
   1  f
  1.9293748974       1.0000000000
   1  f
  1.1202405566       1.0000000000
   1  f
 0.54978931186       1.0000000000
   1  g
  5.1967675263       1.0000000000
   1  g
  1.8512921158       1.0000000000
   1  g
 0.91144690895       1.0000000000
   1  h
  1.5143551014       1.0000000000
