! o cc-pVQZ
! Ref.: Weigend, Köhn, Hättig, JCP 116 (2002) 3175. 
!
   1  s
  353.83035678       1.0000000000
   1  s
  75.357261710       1.0000000000
   1  s
  21.117406900       1.0000000000
   1  s
  5.2252556200       1.0000000000
   1  s
  2.5880879700       1.0000000000
   1  s
  1.5253313500       1.0000000000
   1  s
 0.71853188000       1.0000000000
   1  s
 0.31850176000       1.0000000000
   1  p
  88.557170360       1.0000000000
   1  p
  22.294394600       1.0000000000
   1  p
  6.5663064600       1.0000000000
   1  p
  3.3419619800       1.0000000000
   1  p
  1.8538951800       1.0000000000
   1  p
 0.86798989000       1.0000000000
   1  p
 0.47805185000       1.0000000000
   1  d
  25.394489460       1.0000000000
   1  d
  8.6360887100       1.0000000000
   1  d
  3.9106678000       1.0000000000
   1  d
  2.1402819600       1.0000000000
   1  d
 0.98946206000       1.0000000000
   1  d
 0.42309083000       1.0000000000
   1  f
  10.502388090       1.0000000000
   1  f
  4.4495593000       1.0000000000
   1  f
  2.9580200500       1.0000000000
   1  f
  1.3208390600       1.0000000000
   1  f
 0.73872352000       1.0000000000
   1  g
  4.9476228900       1.0000000000
   1  g
  2.5401950000       1.0000000000
   1  g
  1.2595085000       1.0000000000
   1  s
 0.95281907341E-01   1.0000000000
   1  p
 0.18989077313       1.0000000000
   1  d
 0.13954687713       1.0000000000
   1  f
 0.28801462388       1.0000000000
   1  g
 0.53719929557       1.0000000000
   1  h
  2.7655405000       1.0000000000
