basis "Na_aug-cc-pVDZ" SPHERICAL
Na    S
  31700.0000000              0.458878D-03          -0.112162D-03           0.170160D-04     
   4755.0000000              0.355070D-02          -0.868512D-03           0.130693D-03     
   1082.0000000              0.182618D-01          -0.451330D-02           0.687784D-03     
    306.4000000              0.716650D-01          -0.181436D-01           0.272359D-02     
     99.5300000              0.212346D+00          -0.580799D-01           0.895529D-02     
     35.4200000              0.416203D+00          -0.137653D+00           0.207832D-01     
     13.3000000              0.373020D+00          -0.193908D+00           0.319380D-01     
      4.3920000              0.625054D-01           0.858009D-01          -0.191368D-01     
      1.6760000             -0.624532D-02           0.604419D+00          -0.102595D+00     
      0.5889000              0.243374D-02           0.441719D+00          -0.198945D+00     
      0.0564000             -0.442381D-03           0.130547D-01           0.655952D+00     
Na    S
      0.0230700              1.0000000        
Na    S
      0.0072500              1.0000000        
Na    P
    138.1000000              0.579641D-02          -0.581531D-03     
     32.2400000              0.415756D-01          -0.407306D-02     
      9.9850000              0.162873D+00          -0.167937D-01     
      3.4840000              0.359401D+00          -0.353268D-01     
      1.2310000              0.449988D+00          -0.521971D-01     
      0.4177000              0.227507D+00          -0.168359D-01     
      0.0651300              0.808247D-02           0.434613D+00     
Na    P
      0.0205300              1.0000000        
Na    P
      0.0063300              1.0000000        
Na    D
      0.0973000              1.0000000        
Na    D
      0.0468000              1.0000000        
end
