basis "Si_aug-cc-pVDZ" SPHERICAL
Si    S
  78860.0000000              0.270443D-03          -0.723177D-04           0.185113D-04     
  11820.0000000              0.209717D-02          -0.555116D-03           0.142236D-03     
   2692.0000000              0.108506D-01          -0.293805D-02           0.752185D-03     
    763.4000000              0.436754D-01          -0.117687D-01           0.302279D-02     
    249.6000000              0.137653D+00          -0.402907D-01           0.103677D-01     
     90.2800000              0.316644D+00          -0.100609D+00           0.262563D-01     
     35.2900000              0.418581D+00          -0.196528D+00           0.523989D-01     
     14.5100000              0.210212D+00          -0.102382D+00           0.290959D-01     
      4.0530000              0.144952D-01           0.527190D+00          -0.178003D+00     
      1.4820000             -0.203590D-02           0.593251D+00          -0.346874D+00     
      0.2517000              0.624186D-03           0.332652D-01           0.623020D+00     
Si    S
      0.0924300              1.0000000        
Si    S
      0.0332000              1.0000000        
Si    P
    315.9000000              0.392656D-02          -0.858302D-03     
     74.4200000              0.298811D-01          -0.630328D-02     
     23.4800000              0.127212D+00          -0.288255D-01     
      8.4880000              0.320943D+00          -0.694560D-01     
      3.2170000              0.455429D+00          -0.119493D+00     
      1.2290000              0.268563D+00          -0.199581D-01     
      0.2964000              0.188336D-01           0.510268D+00     
Si    P
      0.0876800              1.0000000        
Si    P
      0.0250000              1.0000000        
Si    D
      0.2750000              1.0000000        
Si    D
      0.0823000              1.0000000        
end
