!  aug-cc-pVQZ  EMSL  Basis Set Exchange Library   7/28/11 8:59 AM
! Basis = aug-cc-pVQZ
! ALUMINIUM       (17s,12p,4d,3f,2g) -> [7s,6p,4d,3f,2g]
! ALUMINIUM       (16s,11p,3d,2f,1g) -> [6s,5p,3d,2f,1g]
! ALUMINIUM       (1s,1p,1d,1f,1g)
! s functions
H    17    7
 419600.0000000              0.278219D-04          -0.723754D-05           0.167150D-05           0.0000000              0.0000000              0.0000000              0.0000000        
  62830.0000000              0.216330D-03          -0.561733D-04           0.129641D-04           0.0000000              0.0000000              0.0000000              0.0000000        
  14290.0000000              0.113754D-02          -0.296528D-03           0.685101D-04           0.0000000              0.0000000              0.0000000              0.0000000        
   4038.0000000              0.479635D-02          -0.124913D-02           0.288274D-03           0.0000000              0.0000000              0.0000000              0.0000000        
   1312.0000000              0.172389D-01          -0.455101D-02           0.105276D-02           0.0000000              0.0000000              0.0000000              0.0000000        
    470.5000000              0.538066D-01          -0.144393D-01           0.333878D-02           0.0000000              0.0000000              0.0000000              0.0000000        
    181.8000000              0.141326D+00          -0.403464D-01           0.939217D-02           0.0000000              0.0000000              0.0000000              0.0000000        
     74.4600000              0.289268D+00          -0.922618D-01           0.216047D-01           0.0000000              0.0000000              0.0000000              0.0000000        
     31.9000000              0.384825D+00          -0.164510D+00           0.395873D-01           0.0000000              0.0000000              0.0000000              0.0000000        
     13.9600000              0.232852D+00          -0.141296D+00           0.349180D-01           0.0000000              0.0000000              0.0000000              0.0000000        
      5.1800000              0.293330D-01           0.195365D+00          -0.528415D-01           0.0000000              0.0000000              0.0000000              0.0000000        
      2.2650000             -0.300574D-02           0.572475D+00          -0.191878D+00           0.0000000              0.0000000              0.0000000              0.0000000        
      0.9664000              0.166673D-02           0.374041D+00          -0.254115D+00           0.0000000              0.0000000              0.0000000              0.0000000        
      0.2447000             -0.606017D-03           0.234119D-01           0.275070D+00           1.0000000              0.0000000              0.0000000              0.0000000        
      0.1184000              0.431355D-03          -0.905197D-02           0.604743D+00           0.0000000              1.0000000              0.0000000              0.0000000        
      0.0502100             -0.122919D-03           0.211174D-02           0.287629D+00           0.0000000              0.0000000              1.0000000              0.0000000        
      0.0183000              0.0000000              0.0000000              0.0000000              0.0000000              0.0000000              0.0000000              1.0000000        
! p functions
H    12    6
    891.3000000              0.491755D-03          -0.888695D-04           0.0000000              0.0000000              0.0000000              0.0000000        
    211.3000000              0.415843D-02          -0.745823D-03           0.0000000              0.0000000              0.0000000              0.0000000        
     68.2800000              0.212538D-01          -0.387025D-02           0.0000000              0.0000000              0.0000000              0.0000000        
     25.7000000              0.764058D-01          -0.139350D-01           0.0000000              0.0000000              0.0000000              0.0000000        
     10.6300000              0.194277D+00          -0.366860D-01           0.0000000              0.0000000              0.0000000              0.0000000        
      4.6020000              0.334428D+00          -0.627797D-01           0.0000000              0.0000000              0.0000000              0.0000000        
      2.0150000              0.375026D+00          -0.789602D-01           0.0000000              0.0000000              0.0000000              0.0000000        
      0.8706000              0.204041D+00          -0.288589D-01           0.0000000              0.0000000              0.0000000              0.0000000        
      0.2972000              0.213738D-01           0.238256D+00           1.0000000              0.0000000              0.0000000              0.0000000        
      0.1100000             -0.202144D-02           0.551363D+00           0.0000000              1.0000000              0.0000000              0.0000000        
      0.0398900              0.817251D-03           0.354385D+00           0.0000000              0.0000000              1.0000000              0.0000000        
      0.0121000              0.0000000              0.0000000              0.0000000              0.0000000              0.0000000              1.0000000        
! d functions
H    4    4
      0.4940000              1.0000000              0.0000000              0.0000000              0.0000000        
      0.1990000              0.0000000              1.0000000              0.0000000              0.0000000        
      0.0804000              0.0000000              0.0000000              1.0000000              0.0000000        
      0.0282000              0.0000000              0.0000000              0.0000000              1.0000000        
! f functions
H    3    3
      0.4010000              1.0000000              0.0000000              0.0000000        
      0.1540000              0.0000000              1.0000000              0.0000000        
      0.0582000              0.0000000              0.0000000              1.0000000        
! g functions
H    2    2
      0.3570000              1.0000000              0.0000000        
      0.1530000              0.0000000              1.0000000        


