!
! Ar: aug-cc-pVQZ
!  [7s,5p,4d,3f,2g]
!
!
!  S functions
F  17    7
950600.00000   0.000023  -0.000006   0.000002   0.000   0.000   0.000   0.000
142300.00000   0.000177  -0.000050   0.000016   0.000   0.000   0.000   0.000
 32360.00000   0.000931  -0.000265   0.000083   0.000   0.000   0.000   0.000
  9145.00000   0.003929  -0.001119   0.000349   0.000   0.000   0.000   0.000
  2970.00000   0.014206  -0.004083   0.001280   0.000   0.000   0.000   0.000
  1064.00000   0.044811  -0.013122   0.004104   0.000   0.000   0.000   0.000
   410.80000   0.121001  -0.037285   0.011779   0.000   0.000   0.000   0.000
   168.00000   0.260579  -0.089471   0.028387   0.000   0.000   0.000   0.000
    71.99000   0.381364  -0.168054   0.055241   0.000   0.000   0.000   0.000
    31.67000   0.276058  -0.179594   0.060749   0.000   0.000   0.000   0.000
    12.89000   0.050518   0.102953  -0.036201   0.000   0.000   0.000   0.000
     5.92900  -0.003599   0.562630  -0.275398   0.000   0.000   0.000   0.000
     2.67800   0.002188   0.450355  -0.362845   0.000   0.000   0.000   0.000
     0.94160  -0.000862   0.046061   0.273118   1.000   0.000   0.000   0.000
     0.42390   0.000405  -0.006037   0.682899   0.000   1.000   0.000   0.000
     0.17140  -0.000116   0.001887   0.283417   0.000   0.000   1.000   0.000
     0.06100   0.000000   0.000000   0.000000   0.000   0.000   0.000   1.000
!
!  P functions
F  12    6
  1890.00000   0.000496  -0.000139   0.000000   0.000000   0.000000   0.000000
   447.80000   0.004252  -0.001189   0.000000   0.000000   0.000000   0.000000
   144.60000   0.022328  -0.006326   0.000000   0.000000   0.000000   0.000000
    54.46000   0.083088  -0.023881   0.000000   0.000000   0.000000   0.000000
    22.51000   0.217110  -0.064924   0.000000   0.000000   0.000000   0.000000
     9.77400   0.374507  -0.115444   0.000000   0.000000   0.000000   0.000000
     4.36800   0.366445  -0.123651   0.000000   0.000000   0.000000   0.000000
     1.95900   0.129245   0.064906   0.000000   0.000000   0.000000   0.000000
     0.82600   0.006922   0.403633   1.000000   0.000000   0.000000   0.000000
     0.32970   0.000836   0.490592   0.000000   1.000000   0.000000   0.000000
     0.12420  -0.000153   0.208528   0.000000   0.000000   1.000000   0.000000
     0.04350   0.000000   0.000000   0.000000   0.000000   0.000000   1.000000
!
!  D functions
F   4    4
     1.87300   1.000000   0.000000   0.000000   0.000000
     0.76300   0.000000   1.000000   0.000000   0.000000
     0.31100   0.000000   0.000000   1.000000   0.000000
     0.11600   0.000000   0.000000   0.000000   1.000000
!
!  F functions
F   3    3
     1.32500   1.000000   0.000000   0.000000
     0.54300   0.000000   1.000000   0.000000
     0.29400   0.000000   0.000000   1.000000
!
!  G functions
F   2    2
     1.00700   1.000000   0.000000
     0.45900   0.000000   1.000000
