! Basis = aug-cc-pVQZ
! BORON       (13s,7p,4d,3f,2g) -> [6s,5p,4d,3f,2g]
! BORON       (12s,6p,3d,2f,1g)->[5s,4p,3d,2f,1g]
! BORON       (1s,1p,1d,1f,1g)
! s functions
F  13    6
  23870.0000000   0.0000880  -0.0000180   0.0   0.0   0.0   0.0
   3575.0000000   0.0006870  -0.0001390   0.0   0.0   0.0   0.0
    812.8000000   0.0036000  -0.0007250   0.0   0.0   0.0   0.0
    229.7000000   0.0149490  -0.0030630   0.0   0.0   0.0   0.0
     74.6900000   0.0514350  -0.0105810   0.0   0.0   0.0   0.0
     26.8100000   0.1433020  -0.0313650   0.0   0.0   0.0   0.0
     10.3200000   0.3009350  -0.0710120   0.0   0.0   0.0   0.0
      4.1780000   0.4035260  -0.1321030   0.0   0.0   0.0   0.0
      1.7270000   0.2253400  -0.1230720   0.0   0.0   0.0   0.0
      0.4704000   0.0154070   0.2618190   1.0   0.0   0.0   0.0
      0.1896000  -0.0039550   0.5866620   0.0   1.0   0.0   0.0
      0.0739400   0.0011240   0.2904940   0.0   0.0   1.0   0.0
      0.0272100   0.0000000   0.0000000   0.0   0.0   0.0   1.0
! p functions
F   7    5
     22.2600000   0.0050950   0.0   0.0   0.0   0.0        
      5.0580000   0.0332060   0.0   0.0   0.0   0.0        
      1.4870000   0.1323140   0.0   0.0   0.0   0.0        
      0.5071000   0.3318180   1.0   0.0   0.0   0.0        
      0.1812000   0.4720630   0.0   1.0   0.0   0.0        
      0.0646300   0.2579790   0.0   0.0   1.0   0.0        
      0.0187800   0.0000000   0.0   0.0   0.0   1.0        
! d functions
F   4    4
      1.1100000   1.0000000   0.0000000   0.0000000   0.0000000        
      0.4020000   0.0000000   1.0000000   0.0000000   0.0000000        
      0.1450000   0.0000000   0.0000000   1.0000000   0.0000000        
      0.0466000   0.0000000   0.0000000   0.0000000   1.0000000        
! f functions
F   3    3
      0.8820000   1.0000000   0.0000000   0.0000000        
      0.3110000   0.0000000   1.0000000   0.0000000        
      0.1130000   0.0000000   0.0000000   1.0000000        
! g functions
F   2    2
      0.6730000   1.0000000   0.0000000        
      0.2730000   0.0000000   1.0000000        
