!
! BASIS="aug-cc-pVQZ"
! H: [5s,4p,3d,2f]
!
!
!  S functions
F   7    5
    82.64000   0.002006   0.000000   0.000000   0.000000   0.000000
    12.41000   0.015343   0.000000   0.000000   0.000000   0.000000
     2.82400   0.075579   0.000000   0.000000   0.000000   0.000000
     0.79770   0.256875   1.000000   0.000000   0.000000   0.000000
     0.25810   0.497368   0.000000   1.000000   0.000000   0.000000
     0.08989   0.296133   0.000000   0.000000   1.000000   0.000000
     0.02363   0.000000   0.000000   0.000000   0.000000   1.000000
!
!  P functions
F   4    4
     2.29200   1.000000   0.000000   0.000000   0.000000
     0.83800   0.000000   1.000000   0.000000   0.000000
     0.29200   0.000000   0.000000   1.000000   0.000000
     0.08480   0.000000   0.000000   0.000000   1.000000
!
!  D functions
F   3    3
     2.06200   1.000000   0.000000   0.000000
     0.66200   0.000000   1.000000   0.000000
     0.19000   0.000000   0.000000   1.000000
!
!  F functions
F   2    2
     1.39700   1.000000   0.000000
     0.36000   0.000000   1.000000
