! 
! He: aug-cc-pVQZ
!  [5s,4p,3d,2f]
!
!
!  S functions
F   8    5
   528.50000   0.000940   0.000000   0.000000   0.000000   0.000000
    79.31000   0.007214   0.000000   0.000000   0.000000   0.000000
    18.05000   0.035975   0.000000   0.000000   0.000000   0.000000
     5.08500   0.127782   0.000000   0.000000   0.000000   0.000000
     1.60900   0.308470   1.000000   0.000000   0.000000   0.000000
     0.53630   0.453052   0.000000   1.000000   0.000000   0.000000
     0.18330   0.238884   0.000000   0.000000   1.000000   0.000000
     0.04819   0.000000   0.000000   0.000000   0.000000   1.000000
!
!  P functions
F   4    4
     5.99400   1.000000   0.000000   0.000000   0.000000
     1.74500   0.000000   1.000000   0.000000   0.000000
     0.56000   0.000000   0.000000   1.000000   0.000000
     0.16260   0.000000   0.000000   0.000000   1.000000
!
!  D functions
F   3    3
     4.29900   1.000000   0.000000   0.000000
     1.22300   0.000000   1.000000   0.000000
     0.35100   0.000000   0.000000   1.000000
!
!  F functions
F   2    2
     2.68000   1.000000   0.000000
     0.69060   0.000000   1.000000
