! Basis = aug-cc-pVQZ
! LITHIUM       (12s,6p,3d,2f,1g)->[5s,4p,3d,2f,1g]
! LITHIUM       (1s,1p,1d,1f,1g)
! s functions
F  13    6
   6601.0000000   0.0001170  -0.0000180   0.0   0.0   0.0   0.0        
    989.7000000   0.0009110  -0.0001420   0.0   0.0   0.0   0.0        
    225.7000000   0.0047280  -0.0007410   0.0   0.0   0.0   0.0        
     64.2900000   0.0191970  -0.0030200   0.0   0.0   0.0   0.0        
     21.1800000   0.0630470  -0.0101230   0.0   0.0   0.0   0.0        
      7.7240000   0.1632080  -0.0270940   0.0   0.0   0.0   0.0        
      3.0030000   0.3148270  -0.0573590   0.0   0.0   0.0   0.0        
      1.2120000   0.3939360  -0.0938950   0.0   0.0   0.0   0.0        
      0.4930000   0.1969180  -0.1210910   0.0   0.0   0.0   0.0        
      0.0951500   0.0099970   0.2766080   1.0   0.0   0.0   0.0        
      0.0479100  -0.0054020   0.5495480   0.0   1.0   0.0   0.0        
      0.0222000   0.0017040   0.2773850   0.0   0.0   1.0   0.0        
      0.0063600   0.0000000   0.0000000   0.0   0.0   0.0   1.0        
! p functions
F   7    5
      6.2500000   0.0033880   0.0   0.0   0.0   0.0        
      1.3700000   0.0193160   0.0   0.0   0.0   0.0        
      0.3672000   0.0791040   0.0   0.0   0.0   0.0        
      0.1192000   0.2740950   1.0   0.0   0.0   0.0        
      0.0447400   0.5194880   0.0   1.0   0.0   0.0        
      0.0179500   0.2844230   0.0   0.0   1.0   0.0        
      0.0075600   0.0000000   0.0   0.0   0.0   1.0        
! d functions
F   4    4
      0.3440000   1.0000000   0.0000000   0.0000000   0.0000000        
      0.1530000   0.0000000   1.0000000   0.0000000   0.0000000        
      0.0680000   0.0000000   0.0000000   1.0000000   0.0000000        
      0.0266000   0.0000000   0.0000000   0.0000000   1.0000000        
! f functions
F   3    3
      0.2460000   1.0000000   0.0000000   0.0000000        
      0.1292000   0.0000000   1.0000000   0.0000000        
      0.0552000   0.0000000   0.0000000   1.0000000        
! g functions
F   2    2
      0.2380000   1.0000000   0.0000000        
      0.1050000   0.0000000   1.0000000        
