!
! N: aug-cc-pVQZ
! [6s,5p,4d,3f,2g]
!
!
!  S functions
F  13    6
 45840.00000   0.000092  -0.000020   0.000000   0.000000   0.000000   0.000000
  6868.00000   0.000717  -0.000159   0.000000   0.000000   0.000000   0.000000
  1563.00000   0.003749  -0.000824   0.000000   0.000000   0.000000   0.000000
   442.40000   0.015532  -0.003478   0.000000   0.000000   0.000000   0.000000
   144.30000   0.053146  -0.011966   0.000000   0.000000   0.000000   0.000000
    52.18000   0.146787  -0.035388   0.000000   0.000000   0.000000   0.000000
    20.34000   0.304663  -0.080077   0.000000   0.000000   0.000000   0.000000
     8.38100   0.397684  -0.146722   0.000000   0.000000   0.000000   0.000000
     3.52900   0.217641  -0.116360   0.000000   0.000000   0.000000   0.000000
     1.05400   0.016963   0.279919   1.000000   0.000000   0.000000   0.000000
     0.41180  -0.002745   0.585481   0.000000   1.000000   0.000000   0.000000
     0.15520   0.000953   0.284028   0.000000   0.000000   1.000000   0.000000
     0.05464   0.000000   0.000000   0.000000   0.000000   0.000000   1.000000
!
!  P functions
F   7    5
    49.33000   0.005533   0.000000   0.000000   0.000000   0.000000
    11.37000   0.037962   0.000000   0.000000   0.000000   0.000000
     3.43500   0.149028   0.000000   0.000000   0.000000   0.000000
     1.18200   0.348922   1.000000   0.000000   0.000000   0.000000
     0.41730   0.458972   0.000000   1.000000   0.000000   0.000000
     0.14280   0.244923   0.000000   0.000000   1.000000   0.000000
     0.04402   0.000000   0.000000   0.000000   0.000000   1.000000
!
!  D functions
F   4    4
     2.83700   1.000000   0.000000   0.000000   0.000000
     0.96800   0.000000   1.000000   0.000000   0.000000
     0.33500   0.000000   0.000000   1.000000   0.000000
     0.11100   0.000000   0.000000   0.000000   1.000000
!
!  F functions
F   3    3
     2.02700   1.000000   0.000000   0.000000
     0.68500   0.000000   1.000000   0.000000
     0.24500   0.000000   0.000000   1.000000
!
!  G functions
F   2    2
     1.42700   1.000000   0.000000
     0.55900   0.000000   1.000000
