!
! O: aug-cc-pVQZ
!  [6s,5p,4d,3f,2g]
!
!
!  S functions
F  13    6
 61420.00000   0.000090  -0.000020   0.000000   0.000000   0.000000   0.000000
  9199.00000   0.000698  -0.000159   0.000000   0.000000   0.000000   0.000000
  2091.00000   0.003664  -0.000829   0.000000   0.000000   0.000000   0.000000
   590.90000   0.015218  -0.003508   0.000000   0.000000   0.000000   0.000000
   192.30000   0.052423  -0.012156   0.000000   0.000000   0.000000   0.000000
    69.32000   0.145921  -0.036261   0.000000   0.000000   0.000000   0.000000
    26.97000   0.305258  -0.082992   0.000000   0.000000   0.000000   0.000000
    11.10000   0.398508  -0.152090   0.000000   0.000000   0.000000   0.000000
     4.68200   0.216980  -0.115331   0.000000   0.000000   0.000000   0.000000
     1.42800   0.017594   0.288979   1.000000   0.000000   0.000000   0.000000
     0.55470  -0.002502   0.586128   0.000000   1.000000   0.000000   0.000000
     0.20670   0.000954   0.277624   0.000000   0.000000   1.000000   0.000000
     0.06959   0.000000   0.000000   0.000000   0.000000   0.000000   1.000000
!
!  P functions
F   7    5
    63.42000   0.006044   0.000000   0.000000   0.000000   0.000000
    14.66000   0.041799   0.000000   0.000000   0.000000   0.000000
     4.45900   0.161143   0.000000   0.000000   0.000000   0.000000
     1.53100   0.356731   1.000000   0.000000   0.000000   0.000000
     0.53020   0.448309   0.000000   1.000000   0.000000   0.000000
     0.17500   0.244940   0.000000   0.000000   1.000000   0.000000
     0.05348   0.000000   0.000000   0.000000   0.000000   1.000000
!
!  D functions
F   4    4
     3.77500   1.000000   0.000000   0.000000   0.000000
     1.30000   0.000000   1.000000   0.000000   0.000000
     0.44400   0.000000   0.000000   1.000000   0.000000
     0.15400   0.000000   0.000000   0.000000   1.000000
!
!  F functions
F   3    3
     2.66600   1.000000   0.000000   0.000000
     0.85900   0.000000   1.000000   0.000000
     0.32400   0.000000   0.000000   1.000000
!
!  G functions
F   2    2
     1.84600   1.000000   0.000000
     0.71400   0.000000   1.000000
