!
! Ar: aug-cc-pVDZ
!  [5s,4p,2d]
!
 S  12
  1        145700.0000         0.2367000000E-03
  2        21840.00000         0.1835230000E-02
  3        4972.000000         0.9528600000E-02
  4        1408.000000         0.3862830000E-01
  5        459.7000000         0.1240810000    
  6        165.9000000         0.2964710000    
  7        64.69000000         0.4220680000    
  8        26.44000000         0.2417110000    
  9        7.628000000         0.2005090000E-01
 10        2.996000000        -0.3610000000E-02
 11       0.6504000000         0.9756070000E-03
 12       0.2337000000        -0.4113160000E-03
 S  12
  1        145700.0000        -0.6749100000E-04
  2        21840.00000        -0.5185220000E-03
  3        4972.000000        -0.2748250000E-02
  4        1408.000000        -0.1110070000E-01
  5        459.7000000        -0.3848200000E-01
  6        165.9000000        -0.9975990000E-01
  7        64.69000000        -0.2030880000    
  8        26.44000000        -0.1356080000    
  9        7.628000000         0.5071950000    
 10        2.996000000         0.6128980000    
 11       0.6504000000         0.4429680000E-01
 12       0.2337000000        -0.8992780000E-02
 S  12
  1        145700.0000         0.2104570000E-04
  2        21840.00000         0.1625650000E-03
  3        4972.000000         0.8554630000E-03
  4        1408.000000         0.3497450000E-02
  5        459.7000000         0.1201560000E-01
  6        165.9000000         0.3213680000E-01
  7        64.69000000         0.6552790000E-01
  8        26.44000000         0.4993700000E-01
  9        7.628000000        -0.2297690000    
 10        2.996000000        -0.4210060000    
 11       0.6504000000         0.6423310000    
 12       0.2337000000         0.5675400000    
 S   1
  1       0.2337000000          1.000000000    
 S   1
  1       0.709000000E-01      1.00000000    
 P   8
  1        453.7000000         0.5705550000E-02
  2        106.8000000         0.4304600000E-01
  3        33.73000000         0.1765910000    
  4        12.13000000         0.4068630000    
  5        4.594000000         0.4525490000    
  6        1.678000000         0.1228010000    
  7       0.5909000000        -0.4459960000E-02
  8       0.1852000000         0.2052250000E-02
 P   8
  1        453.7000000        -0.1606550000E-02
  2        106.8000000        -0.1217140000E-01
  3        33.73000000        -0.5207890000E-01
  4        12.13000000        -0.1237370000    
  5        4.594000000        -0.1516190000    
  6        1.678000000         0.1424250000    
  7       0.5909000000         0.5845010000    
  8       0.1852000000         0.4375400000    
 P   1
  1       0.1852000000          1.000000000    
 P   1
  1       0.533000000E-01      1.00000000    
 D   1
  1       0.7380000000          1.000000000    
 D   1
  1       0.240000000          1.00000000    
