!
! N: aug-cc-pVDZ
!  [4s,3p,2d]                          
!
 S   9
  1        9046.000000         0.7000000000E-03
  2        1357.000000         0.5389000000E-02
  3        309.3000000         0.2740600000E-01
  4        87.73000000         0.1032070000    
  5        28.56000000         0.2787230000    
  6        10.21000000         0.4485400000    
  7        3.838000000         0.2782380000    
  8       0.7466000000         0.1544000000E-01
  9       0.2248000000        -0.2864000000E-02
 S   9
  1        9046.000000        -0.1530000000E-03
  2        1357.000000        -0.1208000000E-02
  3        309.3000000        -0.5992000000E-02
  4        87.73000000        -0.2454400000E-01
  5        28.56000000        -0.6745900000E-01
  6        10.21000000        -0.1580780000    
  7        3.838000000        -0.1218310000    
  8       0.7466000000         0.5490030000    
  9       0.2248000000         0.5788150000    
 S   1
  1       0.2248000000          1.000000000    
 S   1
  1       0.612400000E-01      1.00000000    
 P   4
  1        13.55000000         0.3991900000E-01
  2        2.917000000         0.2171690000    
  3       0.7973000000         0.5103190000    
  4       0.2185000000         0.4622140000    
 P   1
  1       0.2185000000          1.000000000    
 P   1
  1       0.561100000E-01      1.00000000    
 D   1
  1       0.8170000000          1.000000000    
 D   1
  1       0.230000000          1.00000000    
