!
! Ne: aug-cc-pVDZ
!  [4s,3p,2d]                          
!
 S   9
  1        17880.00000         0.7380000000E-03
  2        2683.000000         0.5677000000E-02
  3        611.5000000         0.2888300000E-01
  4        173.5000000         0.1085400000    
  5        56.64000000         0.2909070000    
  6        20.42000000         0.4483240000    
  7        7.810000000         0.2580260000    
  8        1.653000000         0.1506300000E-01
  9       0.4869000000        -0.2100000000E-02
 S   9
  1        17880.00000        -0.1720000000E-03
  2        2683.000000        -0.1357000000E-02
  3        611.5000000        -0.6737000000E-02
  4        173.5000000        -0.2766300000E-01
  5        56.64000000        -0.7620800000E-01
  6        20.42000000        -0.1752270000    
  7        7.810000000        -0.1070380000    
  8        1.653000000         0.5670500000    
  9       0.4869000000         0.5652160000    
 S   1
  1       0.4869000000          1.000000000    
 S   1
  1       0.123000000          1.00000000    
 P   4
  1        28.39000000         0.4608700000E-01
  2        6.270000000         0.2401810000    
  3        1.695000000         0.5087440000    
  4       0.4317000000         0.4556600000    
 P   1
  1       0.4317000000          1.000000000    
 P   1
  1       0.106400000          1.00000000    
 D   1
  1        2.202000000          1.000000000    
 D   1
  1       0.631000000          1.00000000   
