! SULFUR aug-cc-pVDZ
S   11
  1 110800.0000000              0.247635D-03     
  2  16610.0000000              0.192026D-02     
  3   3781.0000000              0.996192D-02     
  4   1071.0000000              0.402975D-01     
  5    349.8000000              0.128604D+00     
  6    126.3000000              0.303480D+00     
  7     49.2600000              0.421432D+00     
  8     20.1600000              0.230781D+00     
  9      5.7200000              0.178971D-01     
 10      2.1820000             -0.297516D-02     
 11      0.4327000              0.849522D-03     
S   11
  1 110800.0000000             -0.687039D-04     
  2  16610.0000000             -0.527681D-03     
  3   3781.0000000             -0.279671D-02     
  4   1071.0000000             -0.112651D-01     
  5    349.8000000             -0.388834D-01     
  6    126.3000000             -0.995025D-01     
  7     49.2600000             -0.199740D+00     
  8     20.1600000             -0.123360D+00     
  9      5.7200000              0.513194D+00     
 10      2.1820000              0.607120D+00     
 11      0.4327000              0.396753D-01     
S   11
  1 110800.0000000              0.199077D-04     
  2  16610.0000000              0.153483D-03     
  3   3781.0000000              0.809503D-03     
  4   1071.0000000              0.328974D-02     
  5    349.8000000              0.112967D-01     
  6    126.3000000              0.296385D-01     
  7     49.2600000              0.599851D-01     
  8     20.1600000              0.413248D-01     
  9      5.7200000             -0.207474D+00     
 10      2.1820000             -0.392889D+00     
 11      0.4327000              0.632840D+00     
S   1
  1      0.1570000              1.0000000        
S   1
  1      0.0507000              1.0000000        
P   7
  1    399.7000000              0.447541D-02     
  2     94.1900000              0.341708D-01     
  3     29.7500000              0.144250D+00     
  4     10.7700000              0.353928D+00     
  5      4.1190000              0.459085D+00     
  6      1.6250000              0.206383D+00     
  7      0.4726000              0.102141D-01     
P   7
  1    399.7000000             -0.116251D-02     
  2     94.1900000             -0.865664D-02     
  3     29.7500000             -0.390886D-01     
  4     10.7700000             -0.934625D-01     
  5      4.1190000             -0.147994D+00     
  6      1.6250000              0.301904D-01     
  7      0.4726000              0.561573D+00     
P   1
  1      0.1407000              1.0000000        
P   1
  1      0.0399000              1.0000000        
D   1
  1      0.4790000              1.0000000        
D   1
  1      0.1520000              1.0000000        
