basis "Ar_aug-cc-pVTZ" SPHERICAL
Ar    S
  545000.000000     0.000046   -0.000013    0.000004   
   81640.000000     0.000354   -0.000100    0.000031
   18580.000000     0.001858   -0.000530    0.000166
    5261.000000     0.007769   -0.002214    0.000692
    1717.000000     0.027423   -0.007968    0.002498
     619.900000     0.082384   -0.024580    0.007711
     241.600000     0.201230   -0.065780    0.020871
      99.790000     0.356781   -0.137942    0.044396
      43.150000     0.349563   -0.201630    0.068022
      19.140000     0.118266   -0.041283    0.014135
       7.488000     0.005602    0.484680   -0.207489
       3.205000     0.000483    0.579224   -0.425045
       1.196000    -0.000148    0.087908    0.070486
       0.520400     0.000029   -0.007276    0.733627
       0.195400    -0.000023    0.002329    0.396005
Ar    S
      1.196000     1.0000000        
Ar    S
      0.195400     1.0000000        
Ar    S
      0.068500     1.0000000        
Ar    P
    761.800000     0.002370    
    180.200000     0.019020
     57.500000     0.088081
     21.240000     0.256377
      8.388000     0.438711
      3.416000     0.347569
      1.206000     0.056674
      0.452300    -0.005239
      0.154500     0.001644
Ar    P
    761.800000    -0.000667
    180.200000    -0.005327
     57.500000    -0.025549
     21.240000    -0.075720
      8.388000    -0.141133
      3.416000    -0.093277
      1.206000     0.282872
      0.452300     0.562450
      0.154500     0.325059
Ar    P
      1.206000     1.0000000        
Ar    P
      0.154500     1.0000000
Ar    P
      0.048700     1.0000000
Ar    D
      0.410000     1.0000000        
Ar    D
      1.254000     1.0000000        
Ar    D
      0.169000     1.0000000        
Ar    F
      0.890000     1.0000000        
Ar    F
      0.406000     1.0000000        
end
