#   pt       r            w            d(ln(w))/dr
     1   0.0000E+00   0.2758E+00   0.0000E+00
     2   0.3000E-01   0.2749E+00  -0.2177E+00
     3   0.6000E-01   0.2722E+00  -0.4342E+00
     4   0.9000E-01   0.2678E+00  -0.6483E+00
     5   0.1200E+00   0.2618E+00  -0.8587E+00
     6   0.1500E+00   0.2544E+00  -0.1064E+01
     7   0.1800E+00   0.2457E+00  -0.1263E+01
     8   0.2100E+00   0.2358E+00  -0.1455E+01
     9   0.2400E+00   0.2252E+00  -0.1638E+01
    10   0.2700E+00   0.2138E+00  -0.1810E+01
    11   0.3000E+00   0.2020E+00  -0.1970E+01
    12   0.3300E+00   0.1900E+00  -0.2117E+01
    13   0.3600E+00   0.1779E+00  -0.2250E+01
    14   0.3900E+00   0.1660E+00  -0.2368E+01
    15   0.4200E+00   0.1544E+00  -0.2468E+01
    16   0.4500E+00   0.1432E+00  -0.2552E+01
    17   0.4800E+00   0.1325E+00  -0.2617E+01
    18   0.5100E+00   0.1224E+00  -0.2665E+01
    19   0.5400E+00   0.1129E+00  -0.2696E+01
    20   0.5700E+00   0.1041E+00  -0.2711E+01
    21   0.6000E+00   0.9600E-01  -0.2711E+01
    22   0.6300E+00   0.8851E-01  -0.2698E+01
    23   0.6600E+00   0.8166E-01  -0.2675E+01
    24   0.6900E+00   0.7539E-01  -0.2645E+01
    25   0.7200E+00   0.6968E-01  -0.2609E+01
    26   0.7500E+00   0.6447E-01  -0.2571E+01
    27   0.7800E+00   0.5972E-01  -0.2534E+01
    28   0.8100E+00   0.5538E-01  -0.2499E+01
    29   0.8400E+00   0.5140E-01  -0.2469E+01
    30   0.8700E+00   0.4775E-01  -0.2445E+01
    31   0.9000E+00   0.4438E-01  -0.2428E+01
    32   0.9300E+00   0.4127E-01  -0.2418E+01
    33   0.9600E+00   0.3839E-01  -0.2416E+01
    34   0.9900E+00   0.3570E-01  -0.2422E+01
    35   0.1020E+01   0.3319E-01  -0.2435E+01
    36   0.1050E+01   0.3084E-01  -0.2455E+01
    37   0.1080E+01   0.2864E-01  -0.2480E+01
    38   0.1110E+01   0.2658E-01  -0.2510E+01
    39   0.1140E+01   0.2464E-01  -0.2545E+01
    40   0.1170E+01   0.2281E-01  -0.2582E+01
    41   0.1200E+01   0.2110E-01  -0.2623E+01
    42   0.1230E+01   0.1949E-01  -0.2665E+01
    43   0.1260E+01   0.1798E-01  -0.2709E+01
    44   0.1290E+01   0.1657E-01  -0.2753E+01
    45   0.1320E+01   0.1524E-01  -0.2797E+01
    46   0.1350E+01   0.1401E-01  -0.2841E+01
    47   0.1380E+01   0.1286E-01  -0.2883E+01
    48   0.1410E+01   0.1178E-01  -0.2925E+01
    49   0.1440E+01   0.1079E-01  -0.2965E+01
    50   0.1470E+01   0.9863E-02  -0.3003E+01
    51   0.1500E+01   0.9008E-02  -0.3039E+01
    52   0.1530E+01   0.8219E-02  -0.3072E+01
    53   0.1560E+01   0.7492E-02  -0.3102E+01
    54   0.1590E+01   0.6824E-02  -0.3129E+01
    55   0.1620E+01   0.6210E-02  -0.3153E+01
    56   0.1650E+01   0.5648E-02  -0.3172E+01
    57   0.1680E+01   0.5134E-02  -0.3188E+01
    58   0.1710E+01   0.4665E-02  -0.3199E+01
    59   0.1740E+01   0.4237E-02  -0.3206E+01
    60   0.1770E+01   0.3849E-02  -0.3208E+01
    61   0.1800E+01   0.3496E-02  -0.3206E+01
    62   0.1830E+01   0.3175E-02  -0.3198E+01
    63   0.1860E+01   0.2885E-02  -0.3184E+01
    64   0.1890E+01   0.2623E-02  -0.3166E+01
    65   0.1920E+01   0.2386E-02  -0.3142E+01
    66   0.1950E+01   0.2173E-02  -0.3113E+01
    67   0.1980E+01   0.1980E-02  -0.3078E+01
    68   0.2010E+01   0.1806E-02  -0.3039E+01
    69   0.2040E+01   0.1650E-02  -0.2995E+01
    70   0.2070E+01   0.1509E-02  -0.2947E+01
    71   0.2100E+01   0.1383E-02  -0.2894E+01
    72   0.2130E+01   0.1269E-02  -0.2838E+01
    73   0.2160E+01   0.1166E-02  -0.2780E+01
    74   0.2190E+01   0.1074E-02  -0.2719E+01
    75   0.2220E+01   0.9907E-03  -0.2657E+01
    76   0.2250E+01   0.9156E-03  -0.2594E+01
    77   0.2280E+01   0.8479E-03  -0.2530E+01
    78   0.2310E+01   0.7867E-03  -0.2467E+01
    79   0.2340E+01   0.7312E-03  -0.2405E+01
    80   0.2370E+01   0.6809E-03  -0.2345E+01
    81   0.2400E+01   0.6352E-03  -0.2288E+01
    82   0.2430E+01   0.5936E-03  -0.2232E+01
    83   0.2460E+01   0.5556E-03  -0.2180E+01
    84   0.2490E+01   0.5208E-03  -0.2132E+01
    85   0.2520E+01   0.4889E-03  -0.2087E+01
    86   0.2550E+01   0.4595E-03  -0.2045E+01
    87   0.2580E+01   0.4324E-03  -0.2008E+01
    88   0.2610E+01   0.4073E-03  -0.1975E+01
    89   0.2640E+01   0.3841E-03  -0.1945E+01
    90   0.2670E+01   0.3624E-03  -0.1919E+01
    91   0.2700E+01   0.3423E-03  -0.1897E+01
    92   0.2730E+01   0.3234E-03  -0.1879E+01
    93   0.2760E+01   0.3058E-03  -0.1864E+01
    94   0.2790E+01   0.2892E-03  -0.1852E+01
    95   0.2820E+01   0.2736E-03  -0.1843E+01
    96   0.2850E+01   0.2589E-03  -0.1836E+01
    97   0.2880E+01   0.2451E-03  -0.1832E+01
    98   0.2910E+01   0.2320E-03  -0.1831E+01
    99   0.2940E+01   0.2196E-03  -0.1831E+01
   100   0.2970E+01   0.2078E-03  -0.1834E+01
   101   0.3000E+01   0.1967E-03  -0.1838E+01
   102   0.3030E+01   0.1861E-03  -0.1844E+01
   103   0.3060E+01   0.1761E-03  -0.1851E+01
   104   0.3090E+01   0.1665E-03  -0.1860E+01
   105   0.3120E+01   0.1575E-03  -0.1870E+01
   106   0.3150E+01   0.1489E-03  -0.1880E+01
   107   0.3180E+01   0.1407E-03  -0.1892E+01
   108   0.3210E+01   0.1329E-03  -0.1904E+01
   109   0.3240E+01   0.1255E-03  -0.1917E+01
   110   0.3270E+01   0.1185E-03  -0.1931E+01
   111   0.3300E+01   0.1118E-03  -0.1945E+01
   112   0.3330E+01   0.1054E-03  -0.1959E+01
   113   0.3360E+01   0.9937E-04  -0.1974E+01
   114   0.3390E+01   0.9363E-04  -0.1990E+01
   115   0.3420E+01   0.8819E-04  -0.2005E+01
   116   0.3450E+01   0.8302E-04  -0.2021E+01
   117   0.3480E+01   0.7811E-04  -0.2037E+01
   118   0.3510E+01   0.7346E-04  -0.2054E+01
   119   0.3540E+01   0.6906E-04  -0.2070E+01
   120   0.3570E+01   0.6488E-04  -0.2087E+01
   121   0.3600E+01   0.6093E-04  -0.2104E+01
   122   0.3630E+01   0.5719E-04  -0.2121E+01
   123   0.3660E+01   0.5365E-04  -0.2138E+01
   124   0.3690E+01   0.5031E-04  -0.2155E+01
   125   0.3720E+01   0.4714E-04  -0.2172E+01
   126   0.3750E+01   0.4416E-04  -0.2189E+01
   127   0.3780E+01   0.4134E-04  -0.2206E+01
   128   0.3810E+01   0.3868E-04  -0.2224E+01
   129   0.3840E+01   0.3618E-04  -0.2241E+01
   130   0.3870E+01   0.3382E-04  -0.2258E+01
   131   0.3900E+01   0.3159E-04  -0.2276E+01
   132   0.3930E+01   0.2950E-04  -0.2293E+01
   133   0.3960E+01   0.2753E-04  -0.2310E+01
   134   0.3990E+01   0.2568E-04  -0.2328E+01
   135   0.4020E+01   0.2394E-04  -0.2345E+01
   136   0.4050E+01   0.2231E-04  -0.2363E+01
   137   0.4080E+01   0.2078E-04  -0.2380E+01
   138   0.4110E+01   0.1934E-04  -0.2398E+01
   139   0.4140E+01   0.1800E-04  -0.2415E+01
   140   0.4170E+01   0.1673E-04  -0.2433E+01
   141   0.4200E+01   0.1555E-04  -0.2450E+01
   142   0.4230E+01   0.1445E-04  -0.2468E+01
   143   0.4260E+01   0.1341E-04  -0.2485E+01
   144   0.4290E+01   0.1244E-04  -0.2502E+01
   145   0.4320E+01   0.1154E-04  -0.2520E+01
   146   0.4350E+01   0.1070E-04  -0.2537E+01
   147   0.4380E+01   0.9912E-05  -0.2555E+01
   148   0.4410E+01   0.9178E-05  -0.2572E+01
   149   0.4440E+01   0.8494E-05  -0.2590E+01
   150   0.4470E+01   0.7857E-05  -0.2607E+01
   151   0.4500E+01   0.7264E-05  -0.2625E+01
   152   0.4530E+01   0.6712E-05  -0.2642E+01
   153   0.4560E+01   0.6199E-05  -0.2660E+01
   154   0.4590E+01   0.5722E-05  -0.2677E+01
   155   0.4620E+01   0.5279E-05  -0.2695E+01
   156   0.4650E+01   0.4868E-05  -0.2712E+01
   157   0.4680E+01   0.4486E-05  -0.2730E+01
   158   0.4710E+01   0.4132E-05  -0.2747E+01
   159   0.4740E+01   0.3804E-05  -0.2765E+01
   160   0.4770E+01   0.3501E-05  -0.2782E+01
   161   0.4800E+01   0.3219E-05  -0.2800E+01
   162   0.4830E+01   0.2959E-05  -0.2817E+01
   163   0.4860E+01   0.2719E-05  -0.2835E+01
   164   0.4890E+01   0.2496E-05  -0.2852E+01
   165   0.4920E+01   0.2291E-05  -0.2870E+01
   166   0.4950E+01   0.2101E-05  -0.2887E+01
   167   0.4980E+01   0.1927E-05  -0.2905E+01
   168   0.5010E+01   0.1765E-05  -0.2922E+01
   169   0.5040E+01   0.1617E-05  -0.2940E+01
   170   0.5070E+01   0.1480E-05  -0.2957E+01
   171   0.5100E+01   0.1354E-05  -0.2975E+01
   172   0.5130E+01   0.1238E-05  -0.2992E+01
   173   0.5160E+01   0.1131E-05  -0.3010E+01
   174   0.5190E+01   0.1033E-05  -0.3027E+01
   175   0.5220E+01   0.9434E-06  -0.3045E+01
   176   0.5250E+01   0.8608E-06  -0.3062E+01
   177   0.5280E+01   0.7851E-06  -0.3080E+01
   178   0.5310E+01   0.7156E-06  -0.3097E+01
   179   0.5340E+01   0.6519E-06  -0.3115E+01
   180   0.5370E+01   0.5936E-06  -0.3132E+01
   181   0.5400E+01   0.5402E-06  -0.3150E+01
   182   0.5430E+01   0.4914E-06  -0.3167E+01
   183   0.5460E+01   0.4467E-06  -0.3185E+01
   184   0.5490E+01   0.4059E-06  -0.3202E+01
   185   0.5520E+01   0.3686E-06  -0.3220E+01
   186   0.5550E+01   0.3346E-06  -0.3237E+01
   187   0.5580E+01   0.3035E-06  -0.3255E+01
   188   0.5610E+01   0.2752E-06  -0.3272E+01
   189   0.5640E+01   0.2494E-06  -0.3290E+01
   190   0.5670E+01   0.2259E-06  -0.3307E+01
   191   0.5700E+01   0.2045E-06  -0.3325E+01
   192   0.5730E+01   0.1851E-06  -0.3342E+01
   193   0.5760E+01   0.1674E-06  -0.3360E+01
   194   0.5790E+01   0.1513E-06  -0.3377E+01
   195   0.5820E+01   0.1367E-06  -0.3395E+01
   196   0.5850E+01   0.1234E-06  -0.3412E+01
   197   0.5880E+01   0.1114E-06  -0.3430E+01
   198   0.5910E+01   0.1004E-06  -0.3447E+01
   199   0.5940E+01   0.9055E-07  -0.3465E+01
   200   0.5970E+01   0.8159E-07  -0.3482E+01
   201   0.6000E+01   0.7348E-07  -0.3500E+01
   202   0.6030E+01   0.6614E-07  -0.3517E+01
   203   0.6060E+01   0.5950E-07  -0.3535E+01
   204   0.6090E+01   0.5350E-07  -0.3552E+01
   205   0.6120E+01   0.4808E-07  -0.3570E+01
   206   0.6150E+01   0.4318E-07  -0.3587E+01
   207   0.6180E+01   0.3877E-07  -0.3605E+01
   208   0.6210E+01   0.3478E-07  -0.3622E+01
   209   0.6240E+01   0.3119E-07  -0.3640E+01
   210   0.6270E+01   0.2796E-07  -0.3657E+01
   211   0.6300E+01   0.2505E-07  -0.3675E+01
   212   0.6330E+01   0.2243E-07  -0.3692E+01
   213   0.6360E+01   0.2007E-07  -0.3710E+01
   214   0.6390E+01   0.1795E-07  -0.3727E+01
   215   0.6420E+01   0.1605E-07  -0.3745E+01
   216   0.6450E+01   0.1434E-07  -0.3762E+01
   217   0.6480E+01   0.1280E-07  -0.3780E+01
   218   0.6510E+01   0.1143E-07  -0.3797E+01
   219   0.6540E+01   0.1020E-07  -0.3815E+01
   220   0.6570E+01   0.9091E-08  -0.3832E+01
   221   0.6600E+01   0.8101E-08  -0.3850E+01
   222   0.6630E+01   0.7216E-08  -0.3867E+01
   223   0.6660E+01   0.6424E-08  -0.3885E+01
   224   0.6690E+01   0.5716E-08  -0.3902E+01
   225   0.6720E+01   0.5083E-08  -0.3920E+01
   226   0.6750E+01   0.4518E-08  -0.3937E+01
   227   0.6780E+01   0.4013E-08  -0.3955E+01
   228   0.6810E+01   0.3563E-08  -0.3972E+01
   229   0.6840E+01   0.3162E-08  -0.3990E+01
   230   0.6870E+01   0.2805E-08  -0.4007E+01
   231   0.6900E+01   0.2486E-08  -0.4025E+01
   232   0.6930E+01   0.2203E-08  -0.4042E+01
   233   0.6960E+01   0.1951E-08  -0.4060E+01
   234   0.6990E+01   0.1727E-08  -0.4077E+01
   235   0.7020E+01   0.1527E-08  -0.4095E+01
   236   0.7050E+01   0.1351E-08  -0.4112E+01
   237   0.7080E+01   0.1193E-08  -0.4130E+01
   238   0.7110E+01   0.1054E-08  -0.4147E+01
   239   0.7140E+01   0.9306E-09  -0.4165E+01
   240   0.7170E+01   0.8210E-09  -0.4182E+01
   241   0.7200E+01   0.7240E-09  -0.4200E+01
   242   0.7230E+01   0.6382E-09  -0.4217E+01
   243   0.7260E+01   0.5622E-09  -0.4235E+01
   244   0.7290E+01   0.4950E-09  -0.4252E+01
   245   0.7320E+01   0.4356E-09  -0.4270E+01
   246   0.7350E+01   0.3831E-09  -0.4287E+01
   247   0.7380E+01   0.3368E-09  -0.4305E+01
   248   0.7410E+01   0.2959E-09  -0.4322E+01
   249   0.7440E+01   0.2598E-09  -0.4340E+01
   250   0.7470E+01   0.2281E-09  -0.4357E+01
   251   0.7500E+01   0.2001E-09  -0.4375E+01
   252   0.7530E+01   0.1754E-09  -0.4392E+01
   253   0.7560E+01   0.1537E-09  -0.4410E+01
   254   0.7590E+01   0.1346E-09  -0.4427E+01
   255   0.7620E+01   0.1179E-09  -0.4445E+01
   256   0.7650E+01   0.1031E-09  -0.4462E+01
   257   0.7680E+01   0.9017E-10  -0.4480E+01
   258   0.7710E+01   0.7881E-10  -0.4497E+01
   259   0.7740E+01   0.6884E-10  -0.4515E+01
   260   0.7770E+01   0.6011E-10  -0.4532E+01
   261   0.7800E+01   0.5245E-10  -0.4550E+01
   262   0.7830E+01   0.4575E-10  -0.4567E+01
   263   0.7860E+01   0.3988E-10  -0.4585E+01
   264   0.7890E+01   0.3474E-10  -0.4602E+01
   265   0.7920E+01   0.3026E-10  -0.4620E+01
   266   0.7950E+01   0.2633E-10  -0.4637E+01
   267   0.7980E+01   0.2291E-10  -0.4655E+01
   268   0.8010E+01   0.1992E-10  -0.4672E+01
   269   0.8040E+01   0.1731E-10  -0.4690E+01
   270   0.8070E+01   0.1503E-10  -0.4707E+01
   271   0.8100E+01   0.1305E-10  -0.4725E+01
   272   0.8130E+01   0.1132E-10  -0.4742E+01
   273   0.8160E+01   0.9817E-11  -0.4760E+01
   274   0.8190E+01   0.8508E-11  -0.4777E+01
   275   0.8220E+01   0.7370E-11  -0.4795E+01
   276   0.8250E+01   0.6381E-11  -0.4812E+01
   277   0.8280E+01   0.5522E-11  -0.4830E+01
   278   0.8310E+01   0.4776E-11  -0.4847E+01
   279   0.8340E+01   0.4128E-11  -0.4865E+01
   280   0.8370E+01   0.3567E-11  -0.4882E+01
   281   0.8400E+01   0.3080E-11  -0.4900E+01
   282   0.8430E+01   0.2658E-11  -0.4917E+01
   283   0.8460E+01   0.2293E-11  -0.4935E+01
   284   0.8490E+01   0.1977E-11  -0.4952E+01
   285   0.8520E+01   0.1704E-11  -0.4970E+01
   286   0.8550E+01   0.1467E-11  -0.4987E+01
   287   0.8580E+01   0.1263E-11  -0.5005E+01
   288   0.8610E+01   0.1087E-11  -0.5022E+01
   289   0.8640E+01   0.9344E-12  -0.5040E+01
   290   0.8670E+01   0.8031E-12  -0.5057E+01
   291   0.8700E+01   0.6898E-12  -0.5075E+01
   292   0.8730E+01   0.5923E-12  -0.5092E+01
   293   0.8760E+01   0.5082E-12  -0.5110E+01
   294   0.8790E+01   0.4359E-12  -0.5127E+01
   295   0.8820E+01   0.3736E-12  -0.5145E+01
   296   0.8850E+01   0.3201E-12  -0.5162E+01
   297   0.8880E+01   0.2741E-12  -0.5180E+01
   298   0.8910E+01   0.2346E-12  -0.5197E+01
   299   0.8940E+01   0.2007E-12  -0.5215E+01
   300   0.8970E+01   0.1716E-12  -0.5232E+01
   301   0.9000E+01   0.1466E-12  -0.5250E+01
   302   0.9030E+01   0.1252E-12  -0.5267E+01
   303   0.9060E+01   0.1069E-12  -0.5285E+01
   304   0.9090E+01   0.9119E-13  -0.5302E+01
   305   0.9120E+01   0.7775E-13  -0.5320E+01
   306   0.9150E+01   0.6627E-13  -0.5337E+01
   307   0.9180E+01   0.5645E-13  -0.5355E+01
   308   0.9210E+01   0.4806E-13  -0.5372E+01
   309   0.9240E+01   0.4089E-13  -0.5390E+01
   310   0.9270E+01   0.3478E-13  -0.5407E+01
   311   0.9300E+01   0.2956E-13  -0.5425E+01
   312   0.9330E+01   0.2512E-13  -0.5442E+01
   313   0.9360E+01   0.2133E-13  -0.5460E+01
   314   0.9390E+01   0.1810E-13  -0.5477E+01
   315   0.9420E+01   0.1535E-13  -0.5495E+01
   316   0.9450E+01   0.1302E-13  -0.5512E+01
   317   0.9480E+01   0.1103E-13  -0.5530E+01
   318   0.9510E+01   0.9341E-14  -0.5547E+01
   319   0.9540E+01   0.7907E-14  -0.5565E+01
   320   0.9570E+01   0.6689E-14  -0.5582E+01
   321   0.9600E+01   0.5656E-14  -0.5600E+01
   322   0.9630E+01   0.4780E-14  -0.5617E+01
   323   0.9660E+01   0.4038E-14  -0.5635E+01
   324   0.9690E+01   0.3409E-14  -0.5652E+01
   325   0.9720E+01   0.2877E-14  -0.5670E+01
   326   0.9750E+01   0.2426E-14  -0.5687E+01
   327   0.9780E+01   0.2045E-14  -0.5705E+01
   328   0.9810E+01   0.1723E-14  -0.5722E+01
   329   0.9840E+01   0.1451E-14  -0.5740E+01
   330   0.9870E+01   0.1221E-14  -0.5757E+01
   331   0.9900E+01   0.1027E-14  -0.5775E+01
   332   0.9930E+01   0.8634E-15  -0.5792E+01
   333   0.9960E+01   0.7255E-15  -0.5810E+01
   334   0.9990E+01   0.6093E-15  -0.5827E+01
   335   0.1002E+02   0.5114E-15  -0.5845E+01
   336   0.1005E+02   0.4290E-15  -0.5862E+01
   337   0.1008E+02   0.3597E-15  -0.5880E+01
   338   0.1011E+02   0.3015E-15  -0.5897E+01
   339   0.1014E+02   0.2525E-15  -0.5915E+01
   340   0.1017E+02   0.2114E-15  -0.5932E+01
   341   0.1020E+02   0.1769E-15  -0.5950E+01
   342   0.1023E+02   0.1479E-15  -0.5967E+01
   343   0.1026E+02   0.1237E-15  -0.5985E+01
   344   0.1029E+02   0.1033E-15  -0.6002E+01
   345   0.1032E+02   0.8627E-16  -0.6020E+01
   346   0.1035E+02   0.7199E-16  -0.6037E+01
   347   0.1038E+02   0.6005E-16  -0.6055E+01
   348   0.1041E+02   0.5006E-16  -0.6072E+01
   349   0.1044E+02   0.4171E-16  -0.6090E+01
   350   0.1047E+02   0.3474E-16  -0.6107E+01
   351   0.1050E+02   0.2892E-16  -0.6125E+01
   352   0.1053E+02   0.2406E-16  -0.6142E+01
   353   0.1056E+02   0.2000E-16  -0.6160E+01
   354   0.1059E+02   0.1662E-16  -0.6177E+01
   355   0.1062E+02   0.1381E-16  -0.6195E+01
   356   0.1065E+02   0.1146E-16  -0.6212E+01
   357   0.1068E+02   0.9511E-17  -0.6230E+01
   358   0.1071E+02   0.7888E-17  -0.6247E+01
   359   0.1074E+02   0.6538E-17  -0.6265E+01
   360   0.1077E+02   0.5416E-17  -0.6282E+01
   361   0.1080E+02   0.4485E-17  -0.6300E+01
   362   0.1083E+02   0.3711E-17  -0.6317E+01
   363   0.1086E+02   0.3070E-17  -0.6335E+01
   364   0.1089E+02   0.2538E-17  -0.6352E+01
   365   0.1092E+02   0.2097E-17  -0.6370E+01
   366   0.1095E+02   0.1732E-17  -0.6387E+01
   367   0.1098E+02   0.1429E-17  -0.6405E+01
   368   0.1101E+02   0.1179E-17  -0.6422E+01
   369   0.1104E+02   0.9723E-18  -0.6440E+01
   370   0.1107E+02   0.8013E-18  -0.6457E+01
   371   0.1110E+02   0.6600E-18  -0.6475E+01
   372   0.1113E+02   0.5433E-18  -0.6492E+01
   373   0.1116E+02   0.4471E-18  -0.6510E+01
   374   0.1119E+02   0.3676E-18  -0.6527E+01
   375   0.1122E+02   0.3022E-18  -0.6545E+01
   376   0.1125E+02   0.2482E-18  -0.6562E+01
   377   0.1128E+02   0.2038E-18  -0.6580E+01
   378   0.1131E+02   0.1673E-18  -0.6597E+01
   379   0.1134E+02   0.1372E-18  -0.6615E+01
   380   0.1137E+02   0.1125E-18  -0.6632E+01
   381   0.1140E+02   0.9216E-19  -0.6650E+01
   382   0.1143E+02   0.7547E-19  -0.6667E+01
   383   0.1146E+02   0.6177E-19  -0.6685E+01
   384   0.1149E+02   0.5053E-19  -0.6702E+01
   385   0.1152E+02   0.4132E-19  -0.6720E+01
   386   0.1155E+02   0.3377E-19  -0.6737E+01
   387   0.1158E+02   0.2758E-19  -0.6755E+01
   388   0.1161E+02   0.2251E-19  -0.6772E+01
   389   0.1164E+02   0.1837E-19  -0.6790E+01
   390   0.1167E+02   0.1498E-19  -0.6807E+01
   391   0.1170E+02   0.1221E-19  -0.6825E+01
   392   0.1173E+02   0.9947E-20  -0.6842E+01
   393   0.1176E+02   0.8099E-20  -0.6860E+01
   394   0.1179E+02   0.6591E-20  -0.6877E+01
   395   0.1182E+02   0.5361E-20  -0.6895E+01
   396   0.1185E+02   0.4358E-20  -0.6912E+01
   397   0.1188E+02   0.3541E-20  -0.6930E+01
   398   0.1191E+02   0.2875E-20  -0.6947E+01
   399   0.1194E+02   0.2334E-20  -0.6965E+01
   400   0.1197E+02   0.1893E-20  -0.6982E+01
   401   0.1200E+02   0.1535E-20  -0.7000E+01
   402   0.1203E+02   0.1244E-20  -0.7017E+01
   403   0.1206E+02   0.1008E-20  -0.7035E+01
   404   0.1209E+02   0.8156E-21  -0.7052E+01
   405   0.1212E+02   0.6599E-21  -0.7070E+01
   406   0.1215E+02   0.5337E-21  -0.7087E+01
   407   0.1218E+02   0.4313E-21  -0.7105E+01
   408   0.1221E+02   0.3485E-21  -0.7122E+01
   409   0.1224E+02   0.2813E-21  -0.7140E+01
   410   0.1227E+02   0.2270E-21  -0.7157E+01
   411   0.1230E+02   0.1831E-21  -0.7175E+01
   412   0.1233E+02   0.1476E-21  -0.7192E+01
   413   0.1236E+02   0.1189E-21  -0.7210E+01
   414   0.1239E+02   0.9578E-22  -0.7227E+01
   415   0.1242E+02   0.7709E-22  -0.7245E+01
   416   0.1245E+02   0.6201E-22  -0.7262E+01
   417   0.1248E+02   0.4986E-22  -0.7280E+01
   418   0.1251E+02   0.4007E-22  -0.7297E+01
   419   0.1254E+02   0.3218E-22  -0.7315E+01
   420   0.1257E+02   0.2583E-22  -0.7332E+01
   421   0.1260E+02   0.2073E-22  -0.7350E+01
   422   0.1263E+02   0.1662E-22  -0.7367E+01
   423   0.1266E+02   0.1332E-22  -0.7385E+01
   424   0.1269E+02   0.1067E-22  -0.7402E+01
   425   0.1272E+02   0.8544E-23  -0.7420E+01
   426   0.1275E+02   0.6837E-23  -0.7437E+01
   427   0.1278E+02   0.5468E-23  -0.7455E+01
   428   0.1281E+02   0.4371E-23  -0.7472E+01
   429   0.1284E+02   0.3493E-23  -0.7490E+01
   430   0.1287E+02   0.2789E-23  -0.7507E+01
   431   0.1290E+02   0.2226E-23  -0.7525E+01
   432   0.1293E+02   0.1776E-23  -0.7542E+01
   433   0.1296E+02   0.1416E-23  -0.7560E+01
   434   0.1299E+02   0.1128E-23  -0.7577E+01
   435   0.1302E+02   0.8985E-24  -0.7595E+01
   436   0.1305E+02   0.7153E-24  -0.7612E+01
   437   0.1308E+02   0.5691E-24  -0.7630E+01
   438   0.1311E+02   0.4525E-24  -0.7647E+01
   439   0.1314E+02   0.3597E-24  -0.7665E+01
   440   0.1317E+02   0.2857E-24  -0.7682E+01
   441   0.1320E+02   0.2268E-24  -0.7700E+01
   442   0.1323E+02   0.1800E-24  -0.7717E+01
   443   0.1326E+02   0.1428E-24  -0.7735E+01
   444   0.1329E+02   0.1132E-24  -0.7752E+01
   445   0.1332E+02   0.8966E-25  -0.7770E+01
   446   0.1335E+02   0.7100E-25  -0.7787E+01
   447   0.1338E+02   0.5619E-25  -0.7805E+01
   448   0.1341E+02   0.4445E-25  -0.7822E+01
   449   0.1344E+02   0.3514E-25  -0.7840E+01
   450   0.1347E+02   0.2777E-25  -0.7857E+01
   451   0.1350E+02   0.2193E-25  -0.7875E+01
   452   0.1353E+02   0.1731E-25  -0.7892E+01
   453   0.1356E+02   0.1366E-25  -0.7910E+01
   454   0.1359E+02   0.1077E-25  -0.7927E+01
   455   0.1362E+02   0.8490E-26  -0.7945E+01
   456   0.1365E+02   0.6688E-26  -0.7962E+01
   457   0.1368E+02   0.5265E-26  -0.7980E+01
   458   0.1371E+02   0.4143E-26  -0.7997E+01
   459   0.1374E+02   0.3259E-26  -0.8015E+01
   460   0.1377E+02   0.2561E-26  -0.8032E+01
   461   0.1380E+02   0.2012E-26  -0.8050E+01
   462   0.1383E+02   0.1580E-26  -0.8067E+01
   463   0.1386E+02   0.1240E-26  -0.8085E+01
   464   0.1389E+02   0.9729E-27  -0.8102E+01
   465   0.1392E+02   0.7627E-27  -0.8120E+01
   466   0.1395E+02   0.5977E-27  -0.8137E+01
   467   0.1398E+02   0.4681E-27  -0.8155E+01
   468   0.1401E+02   0.3664E-27  -0.8172E+01
   469   0.1404E+02   0.2867E-27  -0.8190E+01
   470   0.1407E+02   0.2242E-27  -0.8207E+01
   471   0.1410E+02   0.1752E-27  -0.8225E+01
   472   0.1413E+02   0.1368E-27  -0.8242E+01
   473   0.1416E+02   0.1068E-27  -0.8260E+01
   474   0.1419E+02   0.8337E-28  -0.8277E+01
   475   0.1422E+02   0.6502E-28  -0.8295E+01
   476   0.1425E+02   0.5068E-28  -0.8312E+01
   477   0.1428E+02   0.3949E-28  -0.8330E+01
   478   0.1431E+02   0.3075E-28  -0.8347E+01
   479   0.1434E+02   0.2393E-28  -0.8365E+01
   480   0.1437E+02   0.1861E-28  -0.8382E+01
   481   0.1440E+02   0.1447E-28  -0.8400E+01
   482   0.1443E+02   0.1124E-28  -0.8417E+01
   483   0.1446E+02   0.8733E-29  -0.8435E+01
   484   0.1449E+02   0.6779E-29  -0.8452E+01
   485   0.1452E+02   0.5259E-29  -0.8470E+01
   486   0.1455E+02   0.4078E-29  -0.8487E+01
   487   0.1458E+02   0.3161E-29  -0.8505E+01
   488   0.1461E+02   0.2448E-29  -0.8522E+01
   489   0.1464E+02   0.1895E-29  -0.8540E+01
   490   0.1467E+02   0.1467E-29  -0.8557E+01
   491   0.1470E+02   0.1134E-29  -0.8575E+01
   492   0.1473E+02   0.8767E-30  -0.8592E+01
   493   0.1476E+02   0.6773E-30  -0.8610E+01
   494   0.1479E+02   0.5230E-30  -0.8627E+01
   495   0.1482E+02   0.4036E-30  -0.8645E+01
   496   0.1485E+02   0.3114E-30  -0.8662E+01
   497   0.1488E+02   0.2400E-30  -0.8680E+01
   498   0.1491E+02   0.1850E-30  -0.8697E+01
   499   0.1494E+02   0.1424E-30  -0.8715E+01
   500   0.1497E+02   0.1096E-30  -0.8732E+01
   501   0.1500E+02   0.8435E-31  -0.8750E+01
