#   pt       r            w            wL          Qw            A            b           IP
     1   0.0000E+00   0.2758E+00   0.7676E+00   0.6324E+00   0.2758E+00  -0.0000E+00   0.0000E+00
     2   0.2000E-01   0.2754E+00   0.7238E+00   0.6323E+00   0.2762E+00   0.1452E+00   0.2636E-02
     3   0.4000E-01   0.2742E+00   0.6825E+00   0.6323E+00   0.2774E+00   0.2901E+00   0.1052E-01
     4   0.6000E-01   0.2722E+00   0.6436E+00   0.6321E+00   0.2794E+00   0.4342E+00   0.2357E-01
     5   0.8000E-01   0.2695E+00   0.6069E+00   0.6318E+00   0.2822E+00   0.5773E+00   0.4166E-01
     6   0.1000E+00   0.2660E+00   0.5723E+00   0.6312E+00   0.2858E+00   0.7189E+00   0.6461E-01
     7   0.1200E+00   0.2618E+00   0.5397E+00   0.6304E+00   0.2903E+00   0.8587E+00   0.9217E-01
     8   0.1400E+00   0.2570E+00   0.5089E+00   0.6293E+00   0.2955E+00   0.9963E+00   0.1241E+00
     9   0.1600E+00   0.2516E+00   0.4799E+00   0.6279E+00   0.3016E+00   0.1131E+01   0.1600E+00
    10   0.1800E+00   0.2457E+00   0.4526E+00   0.6261E+00   0.3084E+00   0.1263E+01   0.1995E+00
    11   0.2000E+00   0.2392E+00   0.4268E+00   0.6239E+00   0.3160E+00   0.1392E+01   0.2422E+00
    12   0.2200E+00   0.2324E+00   0.4024E+00   0.6213E+00   0.3244E+00   0.1517E+01   0.2876E+00
    13   0.2400E+00   0.2252E+00   0.3795E+00   0.6182E+00   0.3335E+00   0.1638E+01   0.3352E+00
    14   0.2600E+00   0.2176E+00   0.3579E+00   0.6147E+00   0.3434E+00   0.1754E+01   0.3844E+00
    15   0.2800E+00   0.2099E+00   0.3375E+00   0.6108E+00   0.3538E+00   0.1865E+01   0.4346E+00
    16   0.3000E+00   0.2020E+00   0.3182E+00   0.6065E+00   0.3648E+00   0.1970E+01   0.4852E+00
    17   0.3200E+00   0.1940E+00   0.3001E+00   0.6017E+00   0.3763E+00   0.2070E+01   0.5356E+00
    18   0.3400E+00   0.1860E+00   0.2830E+00   0.5965E+00   0.3880E+00   0.2163E+01   0.5850E+00
    19   0.3600E+00   0.1779E+00   0.2668E+00   0.5909E+00   0.4000E+00   0.2250E+01   0.6330E+00
    20   0.3800E+00   0.1700E+00   0.2516E+00   0.5849E+00   0.4120E+00   0.2330E+01   0.6788E+00
    21   0.4000E+00   0.1621E+00   0.2373E+00   0.5786E+00   0.4239E+00   0.2403E+01   0.7218E+00
    22   0.4200E+00   0.1544E+00   0.2237E+00   0.5719E+00   0.4354E+00   0.2468E+01   0.7615E+00
    23   0.4400E+00   0.1469E+00   0.2110E+00   0.5649E+00   0.4463E+00   0.2526E+01   0.7974E+00
    24   0.4600E+00   0.1396E+00   0.1990E+00   0.5576E+00   0.4563E+00   0.2575E+01   0.8291E+00
    25   0.4800E+00   0.1325E+00   0.1876E+00   0.5500E+00   0.4654E+00   0.2617E+01   0.8563E+00
    26   0.5000E+00   0.1257E+00   0.1769E+00   0.5422E+00   0.4732E+00   0.2651E+01   0.8787E+00
    27   0.5200E+00   0.1192E+00   0.1668E+00   0.5342E+00   0.4796E+00   0.2678E+01   0.8961E+00
    28   0.5400E+00   0.1129E+00   0.1573E+00   0.5261E+00   0.4844E+00   0.2696E+01   0.9087E+00
    29   0.5600E+00   0.1070E+00   0.1484E+00   0.5177E+00   0.4874E+00   0.2708E+01   0.9165E+00
    30   0.5800E+00   0.1014E+00   0.1399E+00   0.5092E+00   0.4888E+00   0.2713E+01   0.9197E+00
    31   0.6000E+00   0.9600E-01   0.1319E+00   0.5006E+00   0.4883E+00   0.2711E+01   0.9187E+00
    32   0.6200E+00   0.9094E-01   0.1244E+00   0.4918E+00   0.4862E+00   0.2704E+01   0.9139E+00
    33   0.6400E+00   0.8616E-01   0.1173E+00   0.4830E+00   0.4825E+00   0.2692E+01   0.9057E+00
    34   0.6600E+00   0.8166E-01   0.1106E+00   0.4741E+00   0.4774E+00   0.2675E+01   0.8948E+00
    35   0.6800E+00   0.7742E-01   0.1043E+00   0.4651E+00   0.4711E+00   0.2656E+01   0.8816E+00
    36   0.7000E+00   0.7343E-01   0.9837E-01   0.4561E+00   0.4639E+00   0.2633E+01   0.8668E+00
    37   0.7200E+00   0.6968E-01   0.9276E-01   0.4470E+00   0.4560E+00   0.2609E+01   0.8509E+00
    38   0.7400E+00   0.6615E-01   0.8747E-01   0.4380E+00   0.4477E+00   0.2584E+01   0.8346E+00
    39   0.7600E+00   0.6284E-01   0.8249E-01   0.4288E+00   0.4393E+00   0.2559E+01   0.8183E+00
    40   0.7800E+00   0.5972E-01   0.7778E-01   0.4197E+00   0.4310E+00   0.2534E+01   0.8025E+00
    41   0.8000E+00   0.5678E-01   0.7335E-01   0.4106E+00   0.4230E+00   0.2510E+01   0.7877E+00
    42   0.8200E+00   0.5401E-01   0.6917E-01   0.4014E+00   0.4156E+00   0.2488E+01   0.7740E+00
    43   0.8400E+00   0.5140E-01   0.6522E-01   0.3923E+00   0.4089E+00   0.2469E+01   0.7619E+00
    44   0.8600E+00   0.4893E-01   0.6151E-01   0.3832E+00   0.4031E+00   0.2452E+01   0.7516E+00
    45   0.8800E+00   0.4660E-01   0.5800E-01   0.3741E+00   0.3983E+00   0.2438E+01   0.7431E+00
    46   0.9000E+00   0.4438E-01   0.5469E-01   0.3651E+00   0.3946E+00   0.2428E+01   0.7367E+00
    47   0.9200E+00   0.4228E-01   0.5157E-01   0.3561E+00   0.3920E+00   0.2420E+01   0.7323E+00
    48   0.9400E+00   0.4029E-01   0.4863E-01   0.3471E+00   0.3906E+00   0.2417E+01   0.7301E+00
    49   0.9600E+00   0.3839E-01   0.4586E-01   0.3382E+00   0.3905E+00   0.2416E+01   0.7299E+00
    50   0.9800E+00   0.3657E-01   0.4325E-01   0.3293E+00   0.3917E+00   0.2419E+01   0.7317E+00
    51   0.1000E+01   0.3484E-01   0.4078E-01   0.3205E+00   0.3941E+00   0.2426E+01   0.7356E+00
    52   0.1020E+01   0.3319E-01   0.3846E-01   0.3118E+00   0.3979E+00   0.2435E+01   0.7413E+00
    53   0.1040E+01   0.3161E-01   0.3626E-01   0.3032E+00   0.4030E+00   0.2448E+01   0.7488E+00
    54   0.1060E+01   0.3010E-01   0.3420E-01   0.2946E+00   0.4094E+00   0.2463E+01   0.7580E+00
    55   0.1080E+01   0.2864E-01   0.3225E-01   0.2862E+00   0.4171E+00   0.2480E+01   0.7688E+00
    56   0.1100E+01   0.2725E-01   0.3041E-01   0.2778E+00   0.4261E+00   0.2500E+01   0.7810E+00
    57   0.1120E+01   0.2592E-01   0.2868E-01   0.2696E+00   0.4365E+00   0.2521E+01   0.7946E+00
    58   0.1140E+01   0.2464E-01   0.2704E-01   0.2615E+00   0.4482E+00   0.2545E+01   0.8094E+00
    59   0.1160E+01   0.2341E-01   0.2550E-01   0.2535E+00   0.4612E+00   0.2570E+01   0.8253E+00
    60   0.1180E+01   0.2223E-01   0.2405E-01   0.2457E+00   0.4755E+00   0.2596E+01   0.8422E+00
    61   0.1200E+01   0.2110E-01   0.2267E-01   0.2380E+00   0.4912E+00   0.2623E+01   0.8599E+00
    62   0.1220E+01   0.2002E-01   0.2138E-01   0.2304E+00   0.5081E+00   0.2651E+01   0.8784E+00
    63   0.1240E+01   0.1898E-01   0.2016E-01   0.2230E+00   0.5263E+00   0.2680E+01   0.8975E+00
    64   0.1260E+01   0.1798E-01   0.1901E-01   0.2157E+00   0.5458E+00   0.2709E+01   0.9171E+00
    65   0.1280E+01   0.1703E-01   0.1793E-01   0.2086E+00   0.5665E+00   0.2738E+01   0.9371E+00
    66   0.1300E+01   0.1612E-01   0.1691E-01   0.2017E+00   0.5885E+00   0.2767E+01   0.9573E+00
    67   0.1320E+01   0.1524E-01   0.1594E-01   0.1949E+00   0.6116E+00   0.2797E+01   0.9778E+00
    68   0.1340E+01   0.1441E-01   0.1503E-01   0.1883E+00   0.6359E+00   0.2826E+01   0.9983E+00
    69   0.1360E+01   0.1362E-01   0.1418E-01   0.1819E+00   0.6612E+00   0.2855E+01   0.1019E+01
    70   0.1380E+01   0.1286E-01   0.1337E-01   0.1757E+00   0.6875E+00   0.2883E+01   0.1039E+01
    71   0.1400E+01   0.1213E-01   0.1261E-01   0.1696E+00   0.7147E+00   0.2911E+01   0.1060E+01
    72   0.1420E+01   0.1144E-01   0.1189E-01   0.1637E+00   0.7426E+00   0.2939E+01   0.1079E+01
    73   0.1440E+01   0.1079E-01   0.1121E-01   0.1580E+00   0.7713E+00   0.2965E+01   0.1099E+01
    74   0.1460E+01   0.1016E-01   0.1057E-01   0.1525E+00   0.8004E+00   0.2991E+01   0.1118E+01
    75   0.1480E+01   0.9571E-02   0.9969E-02   0.1471E+00   0.8299E+00   0.3015E+01   0.1136E+01
    76   0.1500E+01   0.9008E-02   0.9400E-02   0.1420E+00   0.8595E+00   0.3039E+01   0.1154E+01
    77   0.1520E+01   0.8475E-02   0.8864E-02   0.1369E+00   0.8890E+00   0.3061E+01   0.1171E+01
    78   0.1540E+01   0.7970E-02   0.8359E-02   0.1321E+00   0.9182E+00   0.3082E+01   0.1188E+01
    79   0.1560E+01   0.7492E-02   0.7883E-02   0.1274E+00   0.9468E+00   0.3102E+01   0.1203E+01
    80   0.1580E+01   0.7040E-02   0.7433E-02   0.1229E+00   0.9745E+00   0.3120E+01   0.1217E+01
    81   0.1600E+01   0.6613E-02   0.7009E-02   0.1186E+00   0.1001E+01   0.3137E+01   0.1230E+01
    82   0.1620E+01   0.6210E-02   0.6610E-02   0.1144E+00   0.1026E+01   0.3153E+01   0.1242E+01
    83   0.1640E+01   0.5830E-02   0.6233E-02   0.1104E+00   0.1049E+01   0.3166E+01   0.1253E+01
    84   0.1660E+01   0.5471E-02   0.5878E-02   0.1066E+00   0.1070E+01   0.3178E+01   0.1262E+01
    85   0.1680E+01   0.5134E-02   0.5543E-02   0.1028E+00   0.1088E+01   0.3188E+01   0.1270E+01
    86   0.1700E+01   0.4816E-02   0.5227E-02   0.9927E-01   0.1103E+01   0.3196E+01   0.1277E+01
    87   0.1720E+01   0.4518E-02   0.4929E-02   0.9584E-01   0.1114E+01   0.3202E+01   0.1282E+01
    88   0.1740E+01   0.4237E-02   0.4648E-02   0.9255E-01   0.1122E+01   0.3206E+01   0.1285E+01
    89   0.1760E+01   0.3974E-02   0.4383E-02   0.8939E-01   0.1126E+01   0.3208E+01   0.1287E+01
    90   0.1780E+01   0.3727E-02   0.4133E-02   0.8636E-01   0.1125E+01   0.3208E+01   0.1286E+01
    91   0.1800E+01   0.3496E-02   0.3897E-02   0.8345E-01   0.1120E+01   0.3206E+01   0.1284E+01
    92   0.1820E+01   0.3279E-02   0.3675E-02   0.8066E-01   0.1111E+01   0.3201E+01   0.1281E+01
    93   0.1840E+01   0.3076E-02   0.3466E-02   0.7799E-01   0.1097E+01   0.3194E+01   0.1275E+01
    94   0.1860E+01   0.2885E-02   0.3268E-02   0.7543E-01   0.1078E+01   0.3184E+01   0.1268E+01
    95   0.1880E+01   0.2708E-02   0.3082E-02   0.7297E-01   0.1054E+01   0.3173E+01   0.1258E+01
    96   0.1900E+01   0.2542E-02   0.2906E-02   0.7062E-01   0.1026E+01   0.3158E+01   0.1247E+01
    97   0.1920E+01   0.2386E-02   0.2740E-02   0.6836E-01   0.9945E+00   0.3142E+01   0.1234E+01
    98   0.1940E+01   0.2242E-02   0.2584E-02   0.6619E-01   0.9589E+00   0.3123E+01   0.1219E+01
    99   0.1960E+01   0.2106E-02   0.2437E-02   0.6412E-01   0.9201E+00   0.3102E+01   0.1203E+01
   100   0.1980E+01   0.1980E-02   0.2298E-02   0.6213E-01   0.8785E+00   0.3078E+01   0.1185E+01
   101   0.2000E+01   0.1862E-02   0.2167E-02   0.6021E-01   0.8347E+00   0.3053E+01   0.1165E+01
   102   0.2020E+01   0.1752E-02   0.2043E-02   0.5838E-01   0.7893E+00   0.3025E+01   0.1144E+01
   103   0.2040E+01   0.1650E-02   0.1927E-02   0.5662E-01   0.7428E+00   0.2995E+01   0.1121E+01
   104   0.2060E+01   0.1555E-02   0.1817E-02   0.5493E-01   0.6959E+00   0.2963E+01   0.1098E+01
   105   0.2080E+01   0.1466E-02   0.1713E-02   0.5330E-01   0.6491E+00   0.2930E+01   0.1073E+01
   106   0.2100E+01   0.1383E-02   0.1616E-02   0.5174E-01   0.6030E+00   0.2894E+01   0.1047E+01
   107   0.2120E+01   0.1305E-02   0.1524E-02   0.5024E-01   0.5579E+00   0.2857E+01   0.1021E+01
   108   0.2140E+01   0.1233E-02   0.1437E-02   0.4879E-01   0.5144E+00   0.2819E+01   0.9935E+00
   109   0.2160E+01   0.1166E-02   0.1355E-02   0.4740E-01   0.4727E+00   0.2780E+01   0.9660E+00
   110   0.2180E+01   0.1104E-02   0.1278E-02   0.4605E-01   0.4331E+00   0.2740E+01   0.9382E+00
   111   0.2200E+01   0.1045E-02   0.1205E-02   0.4476E-01   0.3958E+00   0.2699E+01   0.9102E+00
   112   0.2220E+01   0.9907E-03   0.1136E-02   0.4351E-01   0.3610E+00   0.2657E+01   0.8823E+00
   113   0.2240E+01   0.9398E-03   0.1071E-02   0.4230E-01   0.3286E+00   0.2615E+01   0.8546E+00
   114   0.2260E+01   0.8923E-03   0.1010E-02   0.4114E-01   0.2988E+00   0.2572E+01   0.8272E+00
   115   0.2280E+01   0.8479E-03   0.9526E-03   0.4001E-01   0.2715E+00   0.2530E+01   0.8002E+00
   116   0.2300E+01   0.8064E-03   0.8983E-03   0.3892E-01   0.2466E+00   0.2488E+01   0.7739E+00
   117   0.2320E+01   0.7676E-03   0.8471E-03   0.3787E-01   0.2240E+00   0.2447E+01   0.7482E+00
   118   0.2340E+01   0.7312E-03   0.7988E-03   0.3684E-01   0.2035E+00   0.2405E+01   0.7233E+00
   119   0.2360E+01   0.6972E-03   0.7533E-03   0.3585E-01   0.1851E+00   0.2365E+01   0.6993E+00
   120   0.2380E+01   0.6652E-03   0.7103E-03   0.3489E-01   0.1686E+00   0.2326E+01   0.6762E+00
   121   0.2400E+01   0.6352E-03   0.6698E-03   0.3396E-01   0.1539E+00   0.2288E+01   0.6541E+00
   122   0.2420E+01   0.6070E-03   0.6316E-03   0.3305E-01   0.1407E+00   0.2250E+01   0.6331E+00
   123   0.2440E+01   0.5805E-03   0.5956E-03   0.3217E-01   0.1290E+00   0.2215E+01   0.6131E+00
   124   0.2460E+01   0.5556E-03   0.5617E-03   0.3132E-01   0.1186E+00   0.2180E+01   0.5942E+00
   125   0.2480E+01   0.5320E-03   0.5297E-03   0.3048E-01   0.1094E+00   0.2147E+01   0.5765E+00
   126   0.2500E+01   0.5098E-03   0.4995E-03   0.2967E-01   0.1012E+00   0.2116E+01   0.5598E+00
   127   0.2520E+01   0.4889E-03   0.4710E-03   0.2888E-01   0.9394E-01   0.2087E+01   0.5443E+00
   128   0.2540E+01   0.4690E-03   0.4441E-03   0.2811E-01   0.8754E-01   0.2059E+01   0.5298E+00
   129   0.2560E+01   0.4502E-03   0.4188E-03   0.2736E-01   0.8189E-01   0.2033E+01   0.5164E+00
   130   0.2580E+01   0.4324E-03   0.3949E-03   0.2663E-01   0.7690E-01   0.2008E+01   0.5041E+00
   131   0.2600E+01   0.4155E-03   0.3724E-03   0.2591E-01   0.7251E-01   0.1985E+01   0.4927E+00
   132   0.2620E+01   0.3994E-03   0.3512E-03   0.2521E-01   0.6865E-01   0.1964E+01   0.4824E+00
   133   0.2640E+01   0.3841E-03   0.3312E-03   0.2453E-01   0.6526E-01   0.1945E+01   0.4730E+00
   134   0.2660E+01   0.3695E-03   0.3123E-03   0.2387E-01   0.6229E-01   0.1928E+01   0.4645E+00
   135   0.2680E+01   0.3555E-03   0.2945E-03   0.2322E-01   0.5970E-01   0.1912E+01   0.4568E+00
   136   0.2700E+01   0.3423E-03   0.2777E-03   0.2258E-01   0.5745E-01   0.1897E+01   0.4500E+00
   137   0.2720E+01   0.3296E-03   0.2619E-03   0.2196E-01   0.5550E-01   0.1885E+01   0.4440E+00
   138   0.2740E+01   0.3174E-03   0.2469E-03   0.2136E-01   0.5382E-01   0.1873E+01   0.4387E+00
   139   0.2760E+01   0.3058E-03   0.2329E-03   0.2077E-01   0.5240E-01   0.1864E+01   0.4342E+00
   140   0.2780E+01   0.2946E-03   0.2196E-03   0.2019E-01   0.5120E-01   0.1855E+01   0.4303E+00
   141   0.2800E+01   0.2839E-03   0.2071E-03   0.1962E-01   0.5020E-01   0.1848E+01   0.4270E+00
   142   0.2820E+01   0.2736E-03   0.1953E-03   0.1907E-01   0.4940E-01   0.1843E+01   0.4244E+00
   143   0.2840E+01   0.2637E-03   0.1841E-03   0.1853E-01   0.4877E-01   0.1838E+01   0.4223E+00
   144   0.2860E+01   0.2542E-03   0.1736E-03   0.1800E-01   0.4830E-01   0.1835E+01   0.4207E+00
   145   0.2880E+01   0.2451E-03   0.1637E-03   0.1748E-01   0.4799E-01   0.1832E+01   0.4197E+00
   146   0.2900E+01   0.2362E-03   0.1544E-03   0.1698E-01   0.4782E-01   0.1831E+01   0.4191E+00
   147   0.2920E+01   0.2277E-03   0.1456E-03   0.1648E-01   0.4778E-01   0.1831E+01   0.4190E+00
   148   0.2940E+01   0.2196E-03   0.1373E-03   0.1600E-01   0.4787E-01   0.1831E+01   0.4193E+00
   149   0.2960E+01   0.2117E-03   0.1295E-03   0.1553E-01   0.4808E-01   0.1833E+01   0.4200E+00
   150   0.2980E+01   0.2040E-03   0.1221E-03   0.1507E-01   0.4840E-01   0.1835E+01   0.4210E+00
   151   0.3000E+01   0.1967E-03   0.1151E-03   0.1462E-01   0.4884E-01   0.1838E+01   0.4224E+00
   152   0.3020E+01   0.1896E-03   0.1086E-03   0.1418E-01   0.4940E-01   0.1842E+01   0.4241E+00
   153   0.3040E+01   0.1827E-03   0.1024E-03   0.1375E-01   0.5006E-01   0.1846E+01   0.4261E+00
   154   0.3060E+01   0.1761E-03   0.9654E-04   0.1333E-01   0.5082E-01   0.1851E+01   0.4284E+00
   155   0.3080E+01   0.1697E-03   0.9103E-04   0.1292E-01   0.5169E-01   0.1857E+01   0.4310E+00
   156   0.3100E+01   0.1635E-03   0.8585E-04   0.1252E-01   0.5267E-01   0.1863E+01   0.4338E+00
   157   0.3120E+01   0.1575E-03   0.8095E-04   0.1213E-01   0.5375E-01   0.1870E+01   0.4369E+00
   158   0.3140E+01   0.1517E-03   0.7634E-04   0.1175E-01   0.5494E-01   0.1877E+01   0.4402E+00
   159   0.3160E+01   0.1461E-03   0.7198E-04   0.1138E-01   0.5624E-01   0.1884E+01   0.4436E+00
   160   0.3180E+01   0.1407E-03   0.6788E-04   0.1102E-01   0.5764E-01   0.1892E+01   0.4473E+00
   161   0.3200E+01   0.1354E-03   0.6401E-04   0.1067E-01   0.5915E-01   0.1900E+01   0.4511E+00
   162   0.3220E+01   0.1304E-03   0.6036E-04   0.1032E-01   0.6078E-01   0.1908E+01   0.4552E+00
   163   0.3240E+01   0.1255E-03   0.5692E-04   0.9986E-02   0.6251E-01   0.1917E+01   0.4593E+00
   164   0.3260E+01   0.1208E-03   0.5368E-04   0.9659E-02   0.6437E-01   0.1926E+01   0.4637E+00
   165   0.3280E+01   0.1162E-03   0.5062E-04   0.9340E-02   0.6635E-01   0.1935E+01   0.4681E+00
   166   0.3300E+01   0.1118E-03   0.4773E-04   0.9030E-02   0.6845E-01   0.1945E+01   0.4727E+00
   167   0.3320E+01   0.1075E-03   0.4501E-04   0.8729E-02   0.7068E-01   0.1954E+01   0.4774E+00
   168   0.3340E+01   0.1034E-03   0.4244E-04   0.8435E-02   0.7304E-01   0.1964E+01   0.4823E+00
   169   0.3360E+01   0.9937E-04   0.4002E-04   0.8149E-02   0.7553E-01   0.1974E+01   0.4872E+00
   170   0.3380E+01   0.9551E-04   0.3774E-04   0.7871E-02   0.7817E-01   0.1984E+01   0.4923E+00
   171   0.3400E+01   0.9178E-04   0.3559E-04   0.7601E-02   0.8096E-01   0.1995E+01   0.4974E+00
   172   0.3420E+01   0.8819E-04   0.3356E-04   0.7338E-02   0.8391E-01   0.2005E+01   0.5026E+00
   173   0.3440E+01   0.8471E-04   0.3165E-04   0.7082E-02   0.8701E-01   0.2016E+01   0.5080E+00
   174   0.3460E+01   0.8135E-04   0.2984E-04   0.6834E-02   0.9028E-01   0.2027E+01   0.5134E+00
   175   0.3480E+01   0.7811E-04   0.2814E-04   0.6592E-02   0.9372E-01   0.2037E+01   0.5188E+00
   176   0.3500E+01   0.7499E-04   0.2654E-04   0.6358E-02   0.9735E-01   0.2048E+01   0.5244E+00
   177   0.3520E+01   0.7197E-04   0.2502E-04   0.6131E-02   0.1012E+00   0.2059E+01   0.5300E+00
   178   0.3540E+01   0.6906E-04   0.2360E-04   0.5910E-02   0.1052E+00   0.2070E+01   0.5357E+00
   179   0.3560E+01   0.6625E-04   0.2225E-04   0.5696E-02   0.1094E+00   0.2081E+01   0.5415E+00
   180   0.3580E+01   0.6354E-04   0.2098E-04   0.5488E-02   0.1139E+00   0.2092E+01   0.5473E+00
   181   0.3600E+01   0.6093E-04   0.1979E-04   0.5286E-02   0.1185E+00   0.2104E+01   0.5532E+00
   182   0.3620E+01   0.5841E-04   0.1866E-04   0.5091E-02   0.1234E+00   0.2115E+01   0.5591E+00
   183   0.3640E+01   0.5599E-04   0.1760E-04   0.4901E-02   0.1286E+00   0.2126E+01   0.5651E+00
   184   0.3660E+01   0.5365E-04   0.1659E-04   0.4718E-02   0.1341E+00   0.2138E+01   0.5711E+00
   185   0.3680E+01   0.5140E-04   0.1565E-04   0.4540E-02   0.1398E+00   0.2149E+01   0.5772E+00
   186   0.3700E+01   0.4923E-04   0.1475E-04   0.4368E-02   0.1458E+00   0.2160E+01   0.5834E+00
   187   0.3720E+01   0.4714E-04   0.1391E-04   0.4201E-02   0.1521E+00   0.2172E+01   0.5896E+00
   188   0.3740E+01   0.4514E-04   0.1312E-04   0.4040E-02   0.1587E+00   0.2183E+01   0.5958E+00
   189   0.3760E+01   0.4320E-04   0.1237E-04   0.3884E-02   0.1657E+00   0.2195E+01   0.6021E+00
   190   0.3780E+01   0.4134E-04   0.1167E-04   0.3733E-02   0.1731E+00   0.2206E+01   0.6084E+00
   191   0.3800E+01   0.3955E-04   0.1100E-04   0.3587E-02   0.1808E+00   0.2218E+01   0.6148E+00
   192   0.3820E+01   0.3783E-04   0.1037E-04   0.3446E-02   0.1889E+00   0.2229E+01   0.6212E+00
   193   0.3840E+01   0.3618E-04   0.9783E-05   0.3309E-02   0.1974E+00   0.2241E+01   0.6277E+00
   194   0.3860E+01   0.3459E-04   0.9225E-05   0.3178E-02   0.2064E+00   0.2252E+01   0.6342E+00
   195   0.3880E+01   0.3306E-04   0.8699E-05   0.3050E-02   0.2159E+00   0.2264E+01   0.6407E+00
   196   0.3900E+01   0.3159E-04   0.8204E-05   0.2927E-02   0.2259E+00   0.2276E+01   0.6473E+00
   197   0.3920E+01   0.3019E-04   0.7736E-05   0.2809E-02   0.2363E+00   0.2287E+01   0.6539E+00
   198   0.3940E+01   0.2883E-04   0.7295E-05   0.2694E-02   0.2474E+00   0.2299E+01   0.6605E+00
   199   0.3960E+01   0.2753E-04   0.6879E-05   0.2584E-02   0.2590E+00   0.2310E+01   0.6672E+00
   200   0.3980E+01   0.2629E-04   0.6487E-05   0.2477E-02   0.2712E+00   0.2322E+01   0.6739E+00
   201   0.4000E+01   0.2509E-04   0.6117E-05   0.2374E-02   0.2841E+00   0.2334E+01   0.6807E+00
   202   0.4020E+01   0.2394E-04   0.5768E-05   0.2275E-02   0.2976E+00   0.2345E+01   0.6875E+00
   203   0.4040E+01   0.2284E-04   0.5439E-05   0.2180E-02   0.3119E+00   0.2357E+01   0.6944E+00
   204   0.4060E+01   0.2179E-04   0.5129E-05   0.2088E-02   0.3270E+00   0.2368E+01   0.7012E+00
   205   0.4080E+01   0.2078E-04   0.4837E-05   0.1999E-02   0.3428E+00   0.2380E+01   0.7081E+00
   206   0.4100E+01   0.1981E-04   0.4561E-05   0.1914E-02   0.3595E+00   0.2392E+01   0.7151E+00
   207   0.4120E+01   0.1888E-04   0.4301E-05   0.1832E-02   0.3772E+00   0.2403E+01   0.7221E+00
   208   0.4140E+01   0.1800E-04   0.4056E-05   0.1753E-02   0.3958E+00   0.2415E+01   0.7291E+00
   209   0.4160E+01   0.1714E-04   0.3825E-05   0.1677E-02   0.4154E+00   0.2427E+01   0.7361E+00
   210   0.4180E+01   0.1633E-04   0.3607E-05   0.1604E-02   0.4360E+00   0.2438E+01   0.7432E+00
   211   0.4200E+01   0.1555E-04   0.3401E-05   0.1533E-02   0.4579E+00   0.2450E+01   0.7503E+00
   212   0.4220E+01   0.1481E-04   0.3207E-05   0.1466E-02   0.4809E+00   0.2462E+01   0.7575E+00
   213   0.4240E+01   0.1409E-04   0.3024E-05   0.1401E-02   0.5052E+00   0.2473E+01   0.7647E+00
   214   0.4260E+01   0.1341E-04   0.2852E-05   0.1338E-02   0.5309E+00   0.2485E+01   0.7719E+00
   215   0.4280E+01   0.1276E-04   0.2689E-05   0.1278E-02   0.5580E+00   0.2497E+01   0.7792E+00
   216   0.4300E+01   0.1214E-04   0.2536E-05   0.1221E-02   0.5866E+00   0.2508E+01   0.7865E+00
   217   0.4320E+01   0.1154E-04   0.2391E-05   0.1165E-02   0.6168E+00   0.2520E+01   0.7938E+00
   218   0.4340E+01   0.1097E-04   0.2255E-05   0.1112E-02   0.6488E+00   0.2532E+01   0.8012E+00
   219   0.4360E+01   0.1043E-04   0.2126E-05   0.1062E-02   0.6825E+00   0.2543E+01   0.8086E+00
   220   0.4380E+01   0.9912E-05   0.2005E-05   0.1013E-02   0.7182E+00   0.2555E+01   0.8160E+00
   221   0.4400E+01   0.9417E-05   0.1891E-05   0.9660E-03   0.7559E+00   0.2567E+01   0.8235E+00
   222   0.4420E+01   0.8945E-05   0.1783E-05   0.9211E-03   0.7958E+00   0.2578E+01   0.8310E+00
   223   0.4440E+01   0.8494E-05   0.1681E-05   0.8781E-03   0.8380E+00   0.2590E+01   0.8385E+00
   224   0.4460E+01   0.8064E-05   0.1586E-05   0.8369E-03   0.8827E+00   0.2602E+01   0.8461E+00
   225   0.4480E+01   0.7655E-05   0.1495E-05   0.7975E-03   0.9299E+00   0.2613E+01   0.8537E+00
   226   0.4500E+01   0.7264E-05   0.1410E-05   0.7597E-03   0.9799E+00   0.2625E+01   0.8613E+00
   227   0.4520E+01   0.6892E-05   0.1330E-05   0.7235E-03   0.1033E+01   0.2637E+01   0.8690E+00
   228   0.4540E+01   0.6537E-05   0.1254E-05   0.6889E-03   0.1089E+01   0.2648E+01   0.8767E+00
   229   0.4560E+01   0.6199E-05   0.1182E-05   0.6558E-03   0.1148E+01   0.2660E+01   0.8844E+00
   230   0.4580E+01   0.5877E-05   0.1115E-05   0.6241E-03   0.1211E+01   0.2672E+01   0.8922E+00
   231   0.4600E+01   0.5571E-05   0.1051E-05   0.5938E-03   0.1278E+01   0.2683E+01   0.9000E+00
   232   0.4620E+01   0.5279E-05   0.9914E-06   0.5648E-03   0.1348E+01   0.2695E+01   0.9078E+00
   233   0.4640E+01   0.5001E-05   0.9349E-06   0.5371E-03   0.1423E+01   0.2707E+01   0.9157E+00
   234   0.4660E+01   0.4737E-05   0.8816E-06   0.5107E-03   0.1503E+01   0.2718E+01   0.9236E+00
   235   0.4680E+01   0.4486E-05   0.8313E-06   0.4854E-03   0.1587E+01   0.2730E+01   0.9316E+00
   236   0.4700E+01   0.4247E-05   0.7839E-06   0.4613E-03   0.1676E+01   0.2742E+01   0.9396E+00
   237   0.4720E+01   0.4020E-05   0.7393E-06   0.4382E-03   0.1771E+01   0.2753E+01   0.9476E+00
   238   0.4740E+01   0.3804E-05   0.6971E-06   0.4162E-03   0.1871E+01   0.2765E+01   0.9556E+00
   239   0.4760E+01   0.3599E-05   0.6574E-06   0.3952E-03   0.1978E+01   0.2777E+01   0.9637E+00
   240   0.4780E+01   0.3404E-05   0.6199E-06   0.3752E-03   0.2091E+01   0.2788E+01   0.9718E+00
   241   0.4800E+01   0.3219E-05   0.5846E-06   0.3561E-03   0.2211E+01   0.2800E+01   0.9800E+00
   242   0.4820E+01   0.3044E-05   0.5512E-06   0.3379E-03   0.2339E+01   0.2812E+01   0.9881E+00
   243   0.4840E+01   0.2877E-05   0.5198E-06   0.3206E-03   0.2474E+01   0.2823E+01   0.9964E+00
   244   0.4860E+01   0.2719E-05   0.4902E-06   0.3040E-03   0.2618E+01   0.2835E+01   0.1005E+01
   245   0.4880E+01   0.2568E-05   0.4622E-06   0.2883E-03   0.2771E+01   0.2847E+01   0.1013E+01
   246   0.4900E+01   0.2426E-05   0.4359E-06   0.2733E-03   0.2934E+01   0.2858E+01   0.1021E+01
   247   0.4920E+01   0.2291E-05   0.4110E-06   0.2590E-03   0.3107E+01   0.2870E+01   0.1030E+01
   248   0.4940E+01   0.2163E-05   0.3876E-06   0.2454E-03   0.3291E+01   0.2882E+01   0.1038E+01
   249   0.4960E+01   0.2042E-05   0.3655E-06   0.2325E-03   0.3486E+01   0.2893E+01   0.1046E+01
   250   0.4980E+01   0.1927E-05   0.3447E-06   0.2201E-03   0.3695E+01   0.2905E+01   0.1055E+01
   251   0.5000E+01   0.1818E-05   0.3250E-06   0.2084E-03   0.3916E+01   0.2917E+01   0.1063E+01
   252   0.5020E+01   0.1714E-05   0.3065E-06   0.1973E-03   0.4152E+01   0.2928E+01   0.1072E+01
   253   0.5040E+01   0.1617E-05   0.2890E-06   0.1867E-03   0.4403E+01   0.2940E+01   0.1080E+01
   254   0.5060E+01   0.1524E-05   0.2725E-06   0.1766E-03   0.4670E+01   0.2952E+01   0.1089E+01
   255   0.5080E+01   0.1437E-05   0.2570E-06   0.1671E-03   0.4954E+01   0.2963E+01   0.1098E+01
   256   0.5100E+01   0.1354E-05   0.2423E-06   0.1580E-03   0.5258E+01   0.2975E+01   0.1106E+01
   257   0.5120E+01   0.1275E-05   0.2285E-06   0.1494E-03   0.5581E+01   0.2987E+01   0.1115E+01
   258   0.5140E+01   0.1201E-05   0.2155E-06   0.1412E-03   0.5925E+01   0.2998E+01   0.1124E+01
   259   0.5160E+01   0.1131E-05   0.2032E-06   0.1334E-03   0.6292E+01   0.3010E+01   0.1132E+01
   260   0.5180E+01   0.1065E-05   0.1916E-06   0.1260E-03   0.6683E+01   0.3022E+01   0.1141E+01
   261   0.5200E+01   0.1003E-05   0.1807E-06   0.1190E-03   0.7100E+01   0.3033E+01   0.1150E+01
   262   0.5220E+01   0.9434E-06   0.1704E-06   0.1124E-03   0.7545E+01   0.3045E+01   0.1159E+01
   263   0.5240E+01   0.8876E-06   0.1607E-06   0.1061E-03   0.8020E+01   0.3057E+01   0.1168E+01
   264   0.5260E+01   0.8348E-06   0.1515E-06   0.1002E-03   0.8526E+01   0.3068E+01   0.1177E+01
   265   0.5280E+01   0.7851E-06   0.1429E-06   0.9450E-04   0.9067E+01   0.3080E+01   0.1186E+01
   266   0.5300E+01   0.7381E-06   0.1347E-06   0.8914E-04   0.9644E+01   0.3092E+01   0.1195E+01
   267   0.5320E+01   0.6937E-06   0.1271E-06   0.8407E-04   0.1026E+02   0.3103E+01   0.1204E+01
   268   0.5340E+01   0.6519E-06   0.1198E-06   0.7927E-04   0.1092E+02   0.3115E+01   0.1213E+01
   269   0.5360E+01   0.6125E-06   0.1130E-06   0.7472E-04   0.1162E+02   0.3127E+01   0.1222E+01
   270   0.5380E+01   0.5753E-06   0.1065E-06   0.7042E-04   0.1237E+02   0.3138E+01   0.1231E+01
   271   0.5400E+01   0.5402E-06   0.1005E-06   0.6635E-04   0.1318E+02   0.3150E+01   0.1240E+01
   272   0.5420E+01   0.5072E-06   0.9474E-07   0.6250E-04   0.1403E+02   0.3162E+01   0.1249E+01
   273   0.5440E+01   0.4760E-06   0.8934E-07   0.5886E-04   0.1495E+02   0.3173E+01   0.1259E+01
   274   0.5460E+01   0.4467E-06   0.8425E-07   0.5542E-04   0.1593E+02   0.3185E+01   0.1268E+01
   275   0.5480E+01   0.4191E-06   0.7944E-07   0.5216E-04   0.1698E+02   0.3197E+01   0.1277E+01
   276   0.5500E+01   0.3931E-06   0.7492E-07   0.4909E-04   0.1811E+02   0.3208E+01   0.1287E+01
   277   0.5520E+01   0.3686E-06   0.7064E-07   0.4618E-04   0.1931E+02   0.3220E+01   0.1296E+01
   278   0.5540E+01   0.3456E-06   0.6662E-07   0.4344E-04   0.2060E+02   0.3232E+01   0.1305E+01
   279   0.5560E+01   0.3239E-06   0.6282E-07   0.4085E-04   0.2197E+02   0.3243E+01   0.1315E+01
   280   0.5580E+01   0.3035E-06   0.5924E-07   0.3840E-04   0.2345E+02   0.3255E+01   0.1324E+01
   281   0.5600E+01   0.2844E-06   0.5586E-07   0.3609E-04   0.2503E+02   0.3267E+01   0.1334E+01
   282   0.5620E+01   0.2664E-06   0.5268E-07   0.3392E-04   0.2672E+02   0.3278E+01   0.1343E+01
   283   0.5640E+01   0.2494E-06   0.4967E-07   0.3186E-04   0.2854E+02   0.3290E+01   0.1353E+01
   284   0.5660E+01   0.2335E-06   0.4684E-07   0.2993E-04   0.3048E+02   0.3302E+01   0.1363E+01
   285   0.5680E+01   0.2186E-06   0.4417E-07   0.2810E-04   0.3257E+02   0.3313E+01   0.1372E+01
   286   0.5700E+01   0.2045E-06   0.4165E-07   0.2638E-04   0.3480E+02   0.3325E+01   0.1382E+01
   287   0.5720E+01   0.1914E-06   0.3928E-07   0.2476E-04   0.3720E+02   0.3337E+01   0.1392E+01
   288   0.5740E+01   0.1790E-06   0.3704E-07   0.2323E-04   0.3977E+02   0.3348E+01   0.1401E+01
   289   0.5760E+01   0.1674E-06   0.3493E-07   0.2179E-04   0.4253E+02   0.3360E+01   0.1411E+01
   290   0.5780E+01   0.1565E-06   0.3294E-07   0.2044E-04   0.4549E+02   0.3372E+01   0.1421E+01
   291   0.5800E+01   0.1463E-06   0.3106E-07   0.1916E-04   0.4867E+02   0.3383E+01   0.1431E+01
   292   0.5820E+01   0.1367E-06   0.2929E-07   0.1796E-04   0.5208E+02   0.3395E+01   0.1441E+01
   293   0.5840E+01   0.1277E-06   0.2762E-07   0.1684E-04   0.5575E+02   0.3407E+01   0.1451E+01
   294   0.5860E+01   0.1193E-06   0.2604E-07   0.1577E-04   0.5969E+02   0.3418E+01   0.1461E+01
   295   0.5880E+01   0.1114E-06   0.2456E-07   0.1478E-04   0.6392E+02   0.3430E+01   0.1471E+01
   296   0.5900E+01   0.1040E-06   0.2316E-07   0.1384E-04   0.6846E+02   0.3442E+01   0.1481E+01
   297   0.5920E+01   0.9704E-07   0.2184E-07   0.1296E-04   0.7335E+02   0.3453E+01   0.1491E+01
   298   0.5940E+01   0.9055E-07   0.2059E-07   0.1213E-04   0.7860E+02   0.3465E+01   0.1501E+01
   299   0.5960E+01   0.8448E-07   0.1942E-07   0.1135E-04   0.8425E+02   0.3477E+01   0.1511E+01
   300   0.5980E+01   0.7880E-07   0.1831E-07   0.1062E-04   0.9033E+02   0.3488E+01   0.1521E+01
   301   0.6000E+01   0.7348E-07   0.1727E-07   0.9931E-05   0.9687E+02   0.3500E+01   0.1531E+01
   302   0.6020E+01   0.6850E-07   0.1628E-07   0.9287E-05   0.1039E+03   0.3512E+01   0.1541E+01
   303   0.6040E+01   0.6385E-07   0.1536E-07   0.8682E-05   0.1115E+03   0.3523E+01   0.1552E+01
   304   0.6060E+01   0.5950E-07   0.1448E-07   0.8115E-05   0.1196E+03   0.3535E+01   0.1562E+01
   305   0.6080E+01   0.5543E-07   0.1365E-07   0.7583E-05   0.1284E+03   0.3547E+01   0.1572E+01
   306   0.6100E+01   0.5163E-07   0.1288E-07   0.7084E-05   0.1379E+03   0.3558E+01   0.1583E+01
   307   0.6120E+01   0.4808E-07   0.1214E-07   0.6617E-05   0.1481E+03   0.3570E+01   0.1593E+01
   308   0.6140E+01   0.4476E-07   0.1145E-07   0.6179E-05   0.1590E+03   0.3582E+01   0.1603E+01
   309   0.6160E+01   0.4166E-07   0.1080E-07   0.5768E-05   0.1709E+03   0.3593E+01   0.1614E+01
   310   0.6180E+01   0.3877E-07   0.1018E-07   0.5384E-05   0.1836E+03   0.3605E+01   0.1624E+01
   311   0.6200E+01   0.3607E-07   0.9601E-08   0.5023E-05   0.1974E+03   0.3617E+01   0.1635E+01
   312   0.6220E+01   0.3355E-07   0.9054E-08   0.4686E-05   0.2122E+03   0.3628E+01   0.1646E+01
   313   0.6240E+01   0.3119E-07   0.8538E-08   0.4371E-05   0.2282E+03   0.3640E+01   0.1656E+01
   314   0.6260E+01   0.2900E-07   0.8051E-08   0.4075E-05   0.2454E+03   0.3652E+01   0.1667E+01
   315   0.6280E+01   0.2695E-07   0.7592E-08   0.3799E-05   0.2641E+03   0.3663E+01   0.1677E+01
   316   0.6300E+01   0.2505E-07   0.7159E-08   0.3541E-05   0.2842E+03   0.3675E+01   0.1688E+01
   317   0.6320E+01   0.2327E-07   0.6751E-08   0.3299E-05   0.3059E+03   0.3687E+01   0.1699E+01
   318   0.6340E+01   0.2161E-07   0.6366E-08   0.3073E-05   0.3293E+03   0.3698E+01   0.1710E+01
   319   0.6360E+01   0.2007E-07   0.6003E-08   0.2862E-05   0.3547E+03   0.3710E+01   0.1720E+01
   320   0.6380E+01   0.1863E-07   0.5661E-08   0.2665E-05   0.3820E+03   0.3722E+01   0.1731E+01
   321   0.6400E+01   0.1729E-07   0.5338E-08   0.2480E-05   0.4116E+03   0.3733E+01   0.1742E+01
   322   0.6420E+01   0.1605E-07   0.5034E-08   0.2308E-05   0.4435E+03   0.3745E+01   0.1753E+01
   323   0.6440E+01   0.1489E-07   0.4747E-08   0.2148E-05   0.4781E+03   0.3757E+01   0.1764E+01
   324   0.6460E+01   0.1381E-07   0.4476E-08   0.1998E-05   0.5155E+03   0.3768E+01   0.1775E+01
   325   0.6480E+01   0.1280E-07   0.4221E-08   0.1858E-05   0.5559E+03   0.3780E+01   0.1786E+01
   326   0.6500E+01   0.1187E-07   0.3980E-08   0.1727E-05   0.5996E+03   0.3792E+01   0.1797E+01
   327   0.6520E+01   0.1100E-07   0.3753E-08   0.1606E-05   0.6469E+03   0.3803E+01   0.1808E+01
   328   0.6540E+01   0.1020E-07   0.3540E-08   0.1492E-05   0.6981E+03   0.3815E+01   0.1819E+01
   329   0.6560E+01   0.9446E-08   0.3338E-08   0.1386E-05   0.7536E+03   0.3827E+01   0.1830E+01
   330   0.6580E+01   0.8749E-08   0.3147E-08   0.1288E-05   0.8136E+03   0.3838E+01   0.1842E+01
   331   0.6600E+01   0.8101E-08   0.2968E-08   0.1196E-05   0.8786E+03   0.3850E+01   0.1853E+01
   332   0.6620E+01   0.7500E-08   0.2799E-08   0.1110E-05   0.9490E+03   0.3862E+01   0.1864E+01
   333   0.6640E+01   0.6942E-08   0.2639E-08   0.1030E-05   0.1025E+04   0.3873E+01   0.1875E+01
   334   0.6660E+01   0.6424E-08   0.2489E-08   0.9560E-06   0.1108E+04   0.3885E+01   0.1887E+01
   335   0.6680E+01   0.5943E-08   0.2347E-08   0.8869E-06   0.1198E+04   0.3897E+01   0.1898E+01
   336   0.6700E+01   0.5497E-08   0.2213E-08   0.8226E-06   0.1295E+04   0.3908E+01   0.1909E+01
   337   0.6720E+01   0.5083E-08   0.2087E-08   0.7628E-06   0.1400E+04   0.3920E+01   0.1921E+01
   338   0.6740E+01   0.4699E-08   0.1968E-08   0.7071E-06   0.1515E+04   0.3932E+01   0.1932E+01
   339   0.6760E+01   0.4343E-08   0.1856E-08   0.6554E-06   0.1639E+04   0.3943E+01   0.1944E+01
   340   0.6780E+01   0.4013E-08   0.1750E-08   0.6073E-06   0.1774E+04   0.3955E+01   0.1955E+01
   341   0.6800E+01   0.3708E-08   0.1650E-08   0.5626E-06   0.1920E+04   0.3967E+01   0.1967E+01
   342   0.6820E+01   0.3424E-08   0.1556E-08   0.5211E-06   0.2079E+04   0.3978E+01   0.1978E+01
   343   0.6840E+01   0.3162E-08   0.1467E-08   0.4825E-06   0.2251E+04   0.3990E+01   0.1990E+01
   344   0.6860E+01   0.2919E-08   0.1384E-08   0.4466E-06   0.2438E+04   0.4002E+01   0.2002E+01
   345   0.6880E+01   0.2694E-08   0.1305E-08   0.4133E-06   0.2642E+04   0.4013E+01   0.2013E+01
   346   0.6900E+01   0.2486E-08   0.1230E-08   0.3825E-06   0.2863E+04   0.4025E+01   0.2025E+01
   347   0.6920E+01   0.2294E-08   0.1160E-08   0.3538E-06   0.3103E+04   0.4037E+01   0.2037E+01
   348   0.6940E+01   0.2116E-08   0.1094E-08   0.3272E-06   0.3364E+04   0.4048E+01   0.2049E+01
   349   0.6960E+01   0.1951E-08   0.1032E-08   0.3025E-06   0.3649E+04   0.4060E+01   0.2060E+01
   350   0.6980E+01   0.1799E-08   0.9730E-09   0.2796E-06   0.3958E+04   0.4072E+01   0.2072E+01
   351   0.7000E+01   0.1658E-08   0.9175E-09   0.2584E-06   0.4294E+04   0.4083E+01   0.2084E+01
   352   0.7020E+01   0.1527E-08   0.8652E-09   0.2388E-06   0.4660E+04   0.4095E+01   0.2096E+01
   353   0.7040E+01   0.1407E-08   0.8159E-09   0.2206E-06   0.5058E+04   0.4107E+01   0.2108E+01
   354   0.7060E+01   0.1296E-08   0.7694E-09   0.2037E-06   0.5492E+04   0.4118E+01   0.2120E+01
   355   0.7080E+01   0.1193E-08   0.7255E-09   0.1881E-06   0.5964E+04   0.4130E+01   0.2132E+01
   356   0.7100E+01   0.1099E-08   0.6841E-09   0.1736E-06   0.6478E+04   0.4142E+01   0.2144E+01
   357   0.7120E+01   0.1011E-08   0.6451E-09   0.1602E-06   0.7039E+04   0.4153E+01   0.2156E+01
   358   0.7140E+01   0.9306E-09   0.6084E-09   0.1478E-06   0.7649E+04   0.4165E+01   0.2168E+01
   359   0.7160E+01   0.8561E-09   0.5737E-09   0.1363E-06   0.8315E+04   0.4177E+01   0.2180E+01
   360   0.7180E+01   0.7874E-09   0.5410E-09   0.1257E-06   0.9040E+04   0.4188E+01   0.2193E+01
   361   0.7200E+01   0.7240E-09   0.5101E-09   0.1159E-06   0.9831E+04   0.4200E+01   0.2205E+01
   362   0.7220E+01   0.6656E-09   0.4810E-09   0.1068E-06   0.1069E+05   0.4212E+01   0.2217E+01
   363   0.7240E+01   0.6118E-09   0.4536E-09   0.9845E-07   0.1163E+05   0.4223E+01   0.2229E+01
   364   0.7260E+01   0.5622E-09   0.4278E-09   0.9070E-07   0.1266E+05   0.4235E+01   0.2242E+01
   365   0.7280E+01   0.5165E-09   0.4034E-09   0.8354E-07   0.1378E+05   0.4247E+01   0.2254E+01
   366   0.7300E+01   0.4743E-09   0.3804E-09   0.7693E-07   0.1501E+05   0.4258E+01   0.2267E+01
   367   0.7320E+01   0.4356E-09   0.3587E-09   0.7082E-07   0.1634E+05   0.4270E+01   0.2279E+01
   368   0.7340E+01   0.3999E-09   0.3382E-09   0.6518E-07   0.1780E+05   0.4282E+01   0.2292E+01
   369   0.7360E+01   0.3670E-09   0.3190E-09   0.5998E-07   0.1939E+05   0.4293E+01   0.2304E+01
   370   0.7380E+01   0.3368E-09   0.3008E-09   0.5518E-07   0.2114E+05   0.4305E+01   0.2317E+01
   371   0.7400E+01   0.3090E-09   0.2836E-09   0.5075E-07   0.2304E+05   0.4317E+01   0.2329E+01
   372   0.7420E+01   0.2834E-09   0.2675E-09   0.4667E-07   0.2512E+05   0.4328E+01   0.2342E+01
   373   0.7440E+01   0.2598E-09   0.2522E-09   0.4290E-07   0.2739E+05   0.4340E+01   0.2354E+01
   374   0.7460E+01   0.2382E-09   0.2378E-09   0.3943E-07   0.2988E+05   0.4352E+01   0.2367E+01
   375   0.7480E+01   0.2183E-09   0.2243E-09   0.3623E-07   0.3260E+05   0.4363E+01   0.2380E+01
   376   0.7500E+01   0.2001E-09   0.2115E-09   0.3328E-07   0.3558E+05   0.4375E+01   0.2392E+01
   377   0.7520E+01   0.1833E-09   0.1994E-09   0.3057E-07   0.3884E+05   0.4387E+01   0.2405E+01
   378   0.7540E+01   0.1679E-09   0.1881E-09   0.2807E-07   0.4240E+05   0.4398E+01   0.2418E+01
   379   0.7560E+01   0.1537E-09   0.1773E-09   0.2576E-07   0.4631E+05   0.4410E+01   0.2431E+01
   380   0.7580E+01   0.1407E-09   0.1672E-09   0.2365E-07   0.5058E+05   0.4422E+01   0.2444E+01
   381   0.7600E+01   0.1288E-09   0.1577E-09   0.2170E-07   0.5527E+05   0.4433E+01   0.2457E+01
   382   0.7620E+01   0.1179E-09   0.1487E-09   0.1990E-07   0.6040E+05   0.4445E+01   0.2470E+01
   383   0.7640E+01   0.1078E-09   0.1402E-09   0.1825E-07   0.6602E+05   0.4457E+01   0.2483E+01
   384   0.7660E+01   0.9861E-10   0.1322E-09   0.1673E-07   0.7218E+05   0.4468E+01   0.2496E+01
   385   0.7680E+01   0.9017E-10   0.1247E-09   0.1534E-07   0.7894E+05   0.4480E+01   0.2509E+01
   386   0.7700E+01   0.8243E-10   0.1176E-09   0.1406E-07   0.8635E+05   0.4492E+01   0.2522E+01
   387   0.7720E+01   0.7534E-10   0.1109E-09   0.1288E-07   0.9448E+05   0.4503E+01   0.2535E+01
   388   0.7740E+01   0.6884E-10   0.1046E-09   0.1180E-07   0.1034E+06   0.4515E+01   0.2548E+01
   389   0.7760E+01   0.6289E-10   0.9860E-10   0.1081E-07   0.1132E+06   0.4527E+01   0.2561E+01
   390   0.7780E+01   0.5744E-10   0.9298E-10   0.9893E-08   0.1239E+06   0.4538E+01   0.2574E+01
   391   0.7800E+01   0.5245E-10   0.8768E-10   0.9055E-08   0.1357E+06   0.4550E+01   0.2588E+01
   392   0.7820E+01   0.4788E-10   0.8268E-10   0.8287E-08   0.1487E+06   0.4562E+01   0.2601E+01
   393   0.7840E+01   0.4370E-10   0.7797E-10   0.7582E-08   0.1629E+06   0.4573E+01   0.2614E+01
   394   0.7860E+01   0.3988E-10   0.7352E-10   0.6935E-08   0.1785E+06   0.4585E+01   0.2628E+01
   395   0.7880E+01   0.3638E-10   0.6933E-10   0.6342E-08   0.1957E+06   0.4597E+01   0.2641E+01
   396   0.7900E+01   0.3318E-10   0.6538E-10   0.5798E-08   0.2145E+06   0.4608E+01   0.2654E+01
   397   0.7920E+01   0.3026E-10   0.6165E-10   0.5300E-08   0.2353E+06   0.4620E+01   0.2668E+01
   398   0.7940E+01   0.2758E-10   0.5814E-10   0.4843E-08   0.2581E+06   0.4632E+01   0.2681E+01
   399   0.7960E+01   0.2514E-10   0.5482E-10   0.4425E-08   0.2831E+06   0.4643E+01   0.2695E+01
   400   0.7980E+01   0.2291E-10   0.5170E-10   0.4041E-08   0.3107E+06   0.4655E+01   0.2709E+01
   401   0.8000E+01   0.2087E-10   0.4875E-10   0.3690E-08   0.3411E+06   0.4667E+01   0.2722E+01
   402   0.8020E+01   0.1901E-10   0.4597E-10   0.3369E-08   0.3745E+06   0.4678E+01   0.2736E+01
   403   0.8040E+01   0.1731E-10   0.4335E-10   0.3075E-08   0.4113E+06   0.4690E+01   0.2749E+01
   404   0.8060E+01   0.1576E-10   0.4088E-10   0.2806E-08   0.4518E+06   0.4702E+01   0.2763E+01
   405   0.8080E+01   0.1434E-10   0.3855E-10   0.2560E-08   0.4964E+06   0.4713E+01   0.2777E+01
   406   0.8100E+01   0.1305E-10   0.3635E-10   0.2335E-08   0.5455E+06   0.4725E+01   0.2791E+01
   407   0.8120E+01   0.1187E-10   0.3428E-10   0.2129E-08   0.5996E+06   0.4737E+01   0.2804E+01
   408   0.8140E+01   0.1080E-10   0.3232E-10   0.1941E-08   0.6593E+06   0.4748E+01   0.2818E+01
   409   0.8160E+01   0.9817E-11   0.3048E-10   0.1769E-08   0.7251E+06   0.4760E+01   0.2832E+01
   410   0.8180E+01   0.8925E-11   0.2874E-10   0.1612E-08   0.7976E+06   0.4772E+01   0.2846E+01
   411   0.8200E+01   0.8111E-11   0.2710E-10   0.1469E-08   0.8775E+06   0.4783E+01   0.2860E+01
   412   0.8220E+01   0.7370E-11   0.2556E-10   0.1337E-08   0.9657E+06   0.4795E+01   0.2874E+01
   413   0.8240E+01   0.6696E-11   0.2410E-10   0.1218E-08   0.1063E+07   0.4807E+01   0.2888E+01
   414   0.8260E+01   0.6081E-11   0.2273E-10   0.1109E-08   0.1170E+07   0.4818E+01   0.2902E+01
   415   0.8280E+01   0.5522E-11   0.2143E-10   0.1009E-08   0.1289E+07   0.4830E+01   0.2916E+01
   416   0.8300E+01   0.5013E-11   0.2021E-10   0.9181E-09   0.1420E+07   0.4842E+01   0.2930E+01
   417   0.8320E+01   0.4550E-11   0.1906E-10   0.8352E-09   0.1564E+07   0.4853E+01   0.2944E+01
   418   0.8340E+01   0.4128E-11   0.1797E-10   0.7596E-09   0.1724E+07   0.4865E+01   0.2958E+01
   419   0.8360E+01   0.3745E-11   0.1695E-10   0.6907E-09   0.1901E+07   0.4877E+01   0.2973E+01
   420   0.8380E+01   0.3397E-11   0.1598E-10   0.6278E-09   0.2096E+07   0.4888E+01   0.2987E+01
   421   0.8400E+01   0.3080E-11   0.1507E-10   0.5706E-09   0.2311E+07   0.4900E+01   0.3001E+01
   422   0.8420E+01   0.2792E-11   0.1421E-10   0.5184E-09   0.2549E+07   0.4912E+01   0.3015E+01
   423   0.8440E+01   0.2531E-11   0.1340E-10   0.4709E-09   0.2813E+07   0.4923E+01   0.3030E+01
   424   0.8460E+01   0.2293E-11   0.1264E-10   0.4277E-09   0.3104E+07   0.4935E+01   0.3044E+01
   425   0.8480E+01   0.2077E-11   0.1192E-10   0.3883E-09   0.3427E+07   0.4947E+01   0.3059E+01
   426   0.8500E+01   0.1881E-11   0.1124E-10   0.3525E-09   0.3783E+07   0.4958E+01   0.3073E+01
   427   0.8520E+01   0.1704E-11   0.1060E-10   0.3199E-09   0.4178E+07   0.4970E+01   0.3088E+01
   428   0.8540E+01   0.1542E-11   0.9992E-11   0.2903E-09   0.4615E+07   0.4982E+01   0.3102E+01
   429   0.8560E+01   0.1396E-11   0.9422E-11   0.2633E-09   0.5099E+07   0.4993E+01   0.3117E+01
   430   0.8580E+01   0.1263E-11   0.8885E-11   0.2388E-09   0.5636E+07   0.5005E+01   0.3131E+01
   431   0.8600E+01   0.1143E-11   0.8379E-11   0.2165E-09   0.6230E+07   0.5017E+01   0.3146E+01
   432   0.8620E+01   0.1033E-11   0.7901E-11   0.1962E-09   0.6888E+07   0.5028E+01   0.3160E+01
   433   0.8640E+01   0.9344E-12   0.7451E-11   0.1778E-09   0.7618E+07   0.5040E+01   0.3175E+01
   434   0.8660E+01   0.8447E-12   0.7026E-11   0.1611E-09   0.8426E+07   0.5052E+01   0.3190E+01
   435   0.8680E+01   0.7635E-12   0.6625E-11   0.1459E-09   0.9323E+07   0.5063E+01   0.3205E+01
   436   0.8700E+01   0.6898E-12   0.6248E-11   0.1322E-09   0.1032E+08   0.5075E+01   0.3219E+01
   437   0.8720E+01   0.6232E-12   0.5891E-11   0.1197E-09   0.1142E+08   0.5087E+01   0.3234E+01
   438   0.8740E+01   0.5628E-12   0.5556E-11   0.1083E-09   0.1265E+08   0.5098E+01   0.3249E+01
   439   0.8760E+01   0.5082E-12   0.5239E-11   0.9801E-10   0.1401E+08   0.5110E+01   0.3264E+01
   440   0.8780E+01   0.4588E-12   0.4940E-11   0.8867E-10   0.1551E+08   0.5122E+01   0.3279E+01
   441   0.8800E+01   0.4141E-12   0.4659E-11   0.8020E-10   0.1719E+08   0.5133E+01   0.3294E+01
   442   0.8820E+01   0.3736E-12   0.4393E-11   0.7253E-10   0.1905E+08   0.5145E+01   0.3309E+01
   443   0.8840E+01   0.3371E-12   0.4142E-11   0.6557E-10   0.2112E+08   0.5157E+01   0.3324E+01
   444   0.8860E+01   0.3040E-12   0.3906E-11   0.5926E-10   0.2341E+08   0.5168E+01   0.3339E+01
   445   0.8880E+01   0.2741E-12   0.3684E-11   0.5355E-10   0.2597E+08   0.5180E+01   0.3354E+01
   446   0.8900E+01   0.2471E-12   0.3474E-11   0.4838E-10   0.2881E+08   0.5192E+01   0.3369E+01
   447   0.8920E+01   0.2227E-12   0.3276E-11   0.4370E-10   0.3196E+08   0.5203E+01   0.3384E+01
   448   0.8940E+01   0.2007E-12   0.3089E-11   0.3946E-10   0.3547E+08   0.5215E+01   0.3399E+01
   449   0.8960E+01   0.1808E-12   0.2913E-11   0.3562E-10   0.3937E+08   0.5227E+01   0.3415E+01
   450   0.8980E+01   0.1628E-12   0.2747E-11   0.3215E-10   0.4372E+08   0.5238E+01   0.3430E+01
   451   0.9000E+01   0.1466E-12   0.2590E-11   0.2901E-10   0.4855E+08   0.5250E+01   0.3445E+01
