#   pt       r            w            d(ln(w))/dr
     1   0.0000E+00   0.1670E+03   0.0000E+00
     2   0.3000E-01   0.1534E+03  -0.5604E+01
     3   0.6000E-01   0.1197E+03  -0.1082E+02
     4   0.9000E-01   0.8090E+02  -0.1510E+02
     5   0.1200E+00   0.4925E+02  -0.1761E+02
     6   0.1500E+00   0.2885E+02  -0.1760E+02
     7   0.1800E+00   0.1751E+02  -0.1548E+02
     8   0.2100E+00   0.1142E+02  -0.1314E+02
     9   0.2400E+00   0.7869E+01  -0.1189E+02
    10   0.2700E+00   0.5547E+01  -0.1150E+02
    11   0.3000E+00   0.3944E+01  -0.1120E+02
    12   0.3300E+00   0.2846E+01  -0.1044E+02
    13   0.3600E+00   0.2123E+01  -0.9013E+01
    14   0.3900E+00   0.1666E+01  -0.7107E+01
    15   0.4200E+00   0.1387E+01  -0.5146E+01
    16   0.4500E+00   0.1219E+01  -0.3542E+01
    17   0.4800E+00   0.1115E+01  -0.2469E+01
    18   0.5100E+00   0.1046E+01  -0.1875E+01
    19   0.5400E+00   0.9932E+00  -0.1616E+01
    20   0.5700E+00   0.9474E+00  -0.1553E+01
    21   0.6000E+00   0.9039E+00  -0.1591E+01
    22   0.6300E+00   0.8608E+00  -0.1672E+01
    23   0.6600E+00   0.8175E+00  -0.1765E+01
    24   0.6900E+00   0.7743E+00  -0.1856E+01
    25   0.7200E+00   0.7314E+00  -0.1939E+01
    26   0.7500E+00   0.6893E+00  -0.2012E+01
    27   0.7800E+00   0.6483E+00  -0.2076E+01
    28   0.8100E+00   0.6087E+00  -0.2131E+01
    29   0.8400E+00   0.5705E+00  -0.2179E+01
    30   0.8700E+00   0.5341E+00  -0.2221E+01
    31   0.9000E+00   0.4994E+00  -0.2257E+01
    32   0.9300E+00   0.4665E+00  -0.2290E+01
    33   0.9600E+00   0.4353E+00  -0.2319E+01
    34   0.9900E+00   0.4059E+00  -0.2346E+01
    35   0.1020E+01   0.3782E+00  -0.2370E+01
    36   0.1050E+01   0.3521E+00  -0.2393E+01
    37   0.1080E+01   0.3276E+00  -0.2415E+01
    38   0.1110E+01   0.3046E+00  -0.2435E+01
    39   0.1140E+01   0.2831E+00  -0.2455E+01
    40   0.1170E+01   0.2629E+00  -0.2474E+01
    41   0.1200E+01   0.2440E+00  -0.2493E+01
    42   0.1230E+01   0.2264E+00  -0.2511E+01
    43   0.1260E+01   0.2099E+00  -0.2529E+01
    44   0.1290E+01   0.1945E+00  -0.2546E+01
    45   0.1320E+01   0.1801E+00  -0.2563E+01
    46   0.1350E+01   0.1668E+00  -0.2580E+01
    47   0.1380E+01   0.1543E+00  -0.2596E+01
    48   0.1410E+01   0.1427E+00  -0.2611E+01
    49   0.1440E+01   0.1319E+00  -0.2627E+01
    50   0.1470E+01   0.1219E+00  -0.2641E+01
    51   0.1500E+01   0.1126E+00  -0.2655E+01
    52   0.1530E+01   0.1040E+00  -0.2668E+01
    53   0.1560E+01   0.9595E-01  -0.2680E+01
    54   0.1590E+01   0.8852E-01  -0.2691E+01
    55   0.1620E+01   0.8164E-01  -0.2701E+01
    56   0.1650E+01   0.7528E-01  -0.2711E+01
    57   0.1680E+01   0.6939E-01  -0.2719E+01
    58   0.1710E+01   0.6395E-01  -0.2726E+01
    59   0.1740E+01   0.5892E-01  -0.2732E+01
    60   0.1770E+01   0.5428E-01  -0.2737E+01
    61   0.1800E+01   0.5000E-01  -0.2741E+01
    62   0.1830E+01   0.4605E-01  -0.2743E+01
    63   0.1860E+01   0.4241E-01  -0.2745E+01
    64   0.1890E+01   0.3906E-01  -0.2745E+01
    65   0.1920E+01   0.3597E-01  -0.2745E+01
    66   0.1950E+01   0.3313E-01  -0.2743E+01
    67   0.1980E+01   0.3051E-01  -0.2741E+01
    68   0.2010E+01   0.2810E-01  -0.2738E+01
    69   0.2040E+01   0.2589E-01  -0.2734E+01
    70   0.2070E+01   0.2385E-01  -0.2730E+01
    71   0.2100E+01   0.2198E-01  -0.2725E+01
    72   0.2130E+01   0.2025E-01  -0.2720E+01
    73   0.2160E+01   0.1867E-01  -0.2714E+01
    74   0.2190E+01   0.1721E-01  -0.2708E+01
    75   0.2220E+01   0.1587E-01  -0.2702E+01
    76   0.2250E+01   0.1463E-01  -0.2696E+01
    77   0.2280E+01   0.1350E-01  -0.2690E+01
    78   0.2310E+01   0.1245E-01  -0.2684E+01
    79   0.2340E+01   0.1149E-01  -0.2678E+01
    80   0.2370E+01   0.1060E-01  -0.2672E+01
    81   0.2400E+01   0.9789E-02  -0.2667E+01
    82   0.2430E+01   0.9037E-02  -0.2662E+01
    83   0.2460E+01   0.8343E-02  -0.2658E+01
    84   0.2490E+01   0.7704E-02  -0.2655E+01
    85   0.2520E+01   0.7115E-02  -0.2652E+01
    86   0.2550E+01   0.6571E-02  -0.2650E+01
    87   0.2580E+01   0.6069E-02  -0.2648E+01
    88   0.2610E+01   0.5606E-02  -0.2648E+01
    89   0.2640E+01   0.5178E-02  -0.2648E+01
    90   0.2670E+01   0.4782E-02  -0.2649E+01
    91   0.2700E+01   0.4417E-02  -0.2651E+01
    92   0.2730E+01   0.4079E-02  -0.2653E+01
    93   0.2760E+01   0.3767E-02  -0.2657E+01
    94   0.2790E+01   0.3478E-02  -0.2662E+01
    95   0.2820E+01   0.3211E-02  -0.2667E+01
    96   0.2850E+01   0.2963E-02  -0.2674E+01
    97   0.2880E+01   0.2735E-02  -0.2681E+01
    98   0.2910E+01   0.2523E-02  -0.2689E+01
    99   0.2940E+01   0.2327E-02  -0.2698E+01
   100   0.2970E+01   0.2146E-02  -0.2708E+01
   101   0.3000E+01   0.1978E-02  -0.2719E+01
   102   0.3030E+01   0.1823E-02  -0.2731E+01
   103   0.3060E+01   0.1679E-02  -0.2743E+01
   104   0.3090E+01   0.1546E-02  -0.2756E+01
   105   0.3120E+01   0.1423E-02  -0.2770E+01
   106   0.3150E+01   0.1309E-02  -0.2785E+01
   107   0.3180E+01   0.1204E-02  -0.2800E+01
   108   0.3210E+01   0.1107E-02  -0.2816E+01
   109   0.3240E+01   0.1017E-02  -0.2832E+01
   110   0.3270E+01   0.9340E-03  -0.2849E+01
   111   0.3300E+01   0.8572E-03  -0.2867E+01
   112   0.3330E+01   0.7864E-03  -0.2885E+01
   113   0.3360E+01   0.7209E-03  -0.2904E+01
   114   0.3390E+01   0.6606E-03  -0.2923E+01
   115   0.3420E+01   0.6050E-03  -0.2943E+01
   116   0.3450E+01   0.5537E-03  -0.2963E+01
   117   0.3480E+01   0.5064E-03  -0.2983E+01
   118   0.3510E+01   0.4629E-03  -0.3004E+01
   119   0.3540E+01   0.4229E-03  -0.3025E+01
   120   0.3570E+01   0.3861E-03  -0.3047E+01
   121   0.3600E+01   0.3522E-03  -0.3069E+01
   122   0.3630E+01   0.3212E-03  -0.3091E+01
   123   0.3660E+01   0.2926E-03  -0.3113E+01
   124   0.3690E+01   0.2664E-03  -0.3136E+01
   125   0.3720E+01   0.2424E-03  -0.3159E+01
   126   0.3750E+01   0.2204E-03  -0.3182E+01
   127   0.3780E+01   0.2003E-03  -0.3205E+01
   128   0.3810E+01   0.1819E-03  -0.3228E+01
   129   0.3840E+01   0.1650E-03  -0.3252E+01
   130   0.3870E+01   0.1496E-03  -0.3276E+01
   131   0.3900E+01   0.1356E-03  -0.3299E+01
   132   0.3930E+01   0.1228E-03  -0.3323E+01
   133   0.3960E+01   0.1111E-03  -0.3348E+01
   134   0.3990E+01   0.1004E-03  -0.3372E+01
   135   0.4020E+01   0.9073E-04  -0.3396E+01
   136   0.4050E+01   0.8191E-04  -0.3421E+01
   137   0.4080E+01   0.7389E-04  -0.3445E+01
   138   0.4110E+01   0.6661E-04  -0.3470E+01
   139   0.4140E+01   0.6001E-04  -0.3494E+01
   140   0.4170E+01   0.5401E-04  -0.3519E+01
   141   0.4200E+01   0.4858E-04  -0.3544E+01
   142   0.4230E+01   0.4367E-04  -0.3569E+01
   143   0.4260E+01   0.3922E-04  -0.3593E+01
   144   0.4290E+01   0.3520E-04  -0.3618E+01
   145   0.4320E+01   0.3157E-04  -0.3643E+01
   146   0.4350E+01   0.2829E-04  -0.3668E+01
   147   0.4380E+01   0.2533E-04  -0.3693E+01
   148   0.4410E+01   0.2266E-04  -0.3718E+01
   149   0.4440E+01   0.2026E-04  -0.3743E+01
   150   0.4470E+01   0.1810E-04  -0.3769E+01
   151   0.4500E+01   0.1616E-04  -0.3794E+01
   152   0.4530E+01   0.1442E-04  -0.3819E+01
   153   0.4560E+01   0.1285E-04  -0.3844E+01
   154   0.4590E+01   0.1145E-04  -0.3869E+01
   155   0.4620E+01   0.1019E-04  -0.3894E+01
   156   0.4650E+01   0.9064E-05  -0.3919E+01
   157   0.4680E+01   0.8055E-05  -0.3945E+01
   158   0.4710E+01   0.7153E-05  -0.3970E+01
   159   0.4740E+01   0.6348E-05  -0.3995E+01
   160   0.4770E+01   0.5629E-05  -0.4020E+01
   161   0.4800E+01   0.4987E-05  -0.4046E+01
   162   0.4830E+01   0.4416E-05  -0.4071E+01
   163   0.4860E+01   0.3907E-05  -0.4096E+01
   164   0.4890E+01   0.3453E-05  -0.4121E+01
   165   0.4920E+01   0.3051E-05  -0.4147E+01
   166   0.4950E+01   0.2693E-05  -0.4172E+01
   167   0.4980E+01   0.2375E-05  -0.4197E+01
   168   0.5010E+01   0.2093E-05  -0.4222E+01
   169   0.5040E+01   0.1844E-05  -0.4248E+01
   170   0.5070E+01   0.1622E-05  -0.4273E+01
   171   0.5100E+01   0.1427E-05  -0.4298E+01
   172   0.5130E+01   0.1254E-05  -0.4323E+01
   173   0.5160E+01   0.1101E-05  -0.4349E+01
   174   0.5190E+01   0.9657E-06  -0.4374E+01
   175   0.5220E+01   0.8466E-06  -0.4399E+01
   176   0.5250E+01   0.7417E-06  -0.4424E+01
   177   0.5280E+01   0.6492E-06  -0.4450E+01
   178   0.5310E+01   0.5679E-06  -0.4475E+01
   179   0.5340E+01   0.4964E-06  -0.4500E+01
   180   0.5370E+01   0.4335E-06  -0.4526E+01
   181   0.5400E+01   0.3783E-06  -0.4551E+01
   182   0.5430E+01   0.3299E-06  -0.4576E+01
   183   0.5460E+01   0.2875E-06  -0.4601E+01
   184   0.5490E+01   0.2503E-06  -0.4627E+01
   185   0.5520E+01   0.2178E-06  -0.4652E+01
   186   0.5550E+01   0.1894E-06  -0.4677E+01
   187   0.5580E+01   0.1645E-06  -0.4703E+01
   188   0.5610E+01   0.1428E-06  -0.4728E+01
   189   0.5640E+01   0.1239E-06  -0.4753E+01
   190   0.5670E+01   0.1074E-06  -0.4778E+01
   191   0.5700E+01   0.9300E-07  -0.4804E+01
   192   0.5730E+01   0.8049E-07  -0.4829E+01
   193   0.5760E+01   0.6960E-07  -0.4854E+01
   194   0.5790E+01   0.6015E-07  -0.4880E+01
   195   0.5820E+01   0.5194E-07  -0.4905E+01
   196   0.5850E+01   0.4481E-07  -0.4930E+01
   197   0.5880E+01   0.3864E-07  -0.4955E+01
   198   0.5910E+01   0.3329E-07  -0.4981E+01
   199   0.5940E+01   0.2866E-07  -0.5006E+01
   200   0.5970E+01   0.2465E-07  -0.5031E+01
   201   0.6000E+01   0.2119E-07  -0.5057E+01
   202   0.6030E+01   0.1820E-07  -0.5082E+01
   203   0.6060E+01   0.1562E-07  -0.5107E+01
   204   0.6090E+01   0.1340E-07  -0.5132E+01
   205   0.6120E+01   0.1148E-07  -0.5158E+01
   206   0.6150E+01   0.9831E-08  -0.5183E+01
   207   0.6180E+01   0.8412E-08  -0.5208E+01
   208   0.6210E+01   0.7193E-08  -0.5233E+01
   209   0.6240E+01   0.6145E-08  -0.5259E+01
   210   0.6270E+01   0.5247E-08  -0.5284E+01
   211   0.6300E+01   0.4476E-08  -0.5309E+01
   212   0.6330E+01   0.3815E-08  -0.5335E+01
   213   0.6360E+01   0.3250E-08  -0.5360E+01
   214   0.6390E+01   0.2766E-08  -0.5385E+01
   215   0.6420E+01   0.2352E-08  -0.5410E+01
   216   0.6450E+01   0.1999E-08  -0.5436E+01
   217   0.6480E+01   0.1698E-08  -0.5461E+01
   218   0.6510E+01   0.1441E-08  -0.5486E+01
   219   0.6540E+01   0.1222E-08  -0.5512E+01
   220   0.6570E+01   0.1035E-08  -0.5537E+01
   221   0.6600E+01   0.8763E-09  -0.5562E+01
   222   0.6630E+01   0.7413E-09  -0.5587E+01
   223   0.6660E+01   0.6267E-09  -0.5613E+01
   224   0.6690E+01   0.5294E-09  -0.5638E+01
   225   0.6720E+01   0.4468E-09  -0.5663E+01
   226   0.6750E+01   0.3769E-09  -0.5689E+01
   227   0.6780E+01   0.3176E-09  -0.5714E+01
   228   0.6810E+01   0.2675E-09  -0.5739E+01
   229   0.6840E+01   0.2251E-09  -0.5764E+01
   230   0.6870E+01   0.1893E-09  -0.5790E+01
   231   0.6900E+01   0.1590E-09  -0.5815E+01
   232   0.6930E+01   0.1335E-09  -0.5840E+01
   233   0.6960E+01   0.1120E-09  -0.5866E+01
   234   0.6990E+01   0.9391E-10  -0.5891E+01
   235   0.7020E+01   0.7867E-10  -0.5916E+01
   236   0.7050E+01   0.6585E-10  -0.5941E+01
   237   0.7080E+01   0.5508E-10  -0.5967E+01
   238   0.7110E+01   0.4603E-10  -0.5992E+01
   239   0.7140E+01   0.3845E-10  -0.6017E+01
   240   0.7170E+01   0.3208E-10  -0.6043E+01
   241   0.7200E+01   0.2675E-10  -0.6068E+01
   242   0.7230E+01   0.2229E-10  -0.6093E+01
   243   0.7260E+01   0.1856E-10  -0.6118E+01
   244   0.7290E+01   0.1544E-10  -0.6144E+01
   245   0.7320E+01   0.1284E-10  -0.6169E+01
   246   0.7350E+01   0.1067E-10  -0.6194E+01
   247   0.7380E+01   0.8854E-11  -0.6220E+01
   248   0.7410E+01   0.7344E-11  -0.6245E+01
   249   0.7440E+01   0.6087E-11  -0.6270E+01
   250   0.7470E+01   0.5041E-11  -0.6295E+01
   251   0.7500E+01   0.4172E-11  -0.6321E+01
   252   0.7530E+01   0.3450E-11  -0.6346E+01
   253   0.7560E+01   0.2851E-11  -0.6371E+01
   254   0.7590E+01   0.2354E-11  -0.6396E+01
   255   0.7620E+01   0.1942E-11  -0.6422E+01
   256   0.7650E+01   0.1601E-11  -0.6447E+01
   257   0.7680E+01   0.1319E-11  -0.6472E+01
   258   0.7710E+01   0.1086E-11  -0.6498E+01
   259   0.7740E+01   0.8933E-12  -0.6523E+01
   260   0.7770E+01   0.7343E-12  -0.6548E+01
   261   0.7800E+01   0.6031E-12  -0.6573E+01
   262   0.7830E+01   0.4950E-12  -0.6599E+01
   263   0.7860E+01   0.4059E-12  -0.6624E+01
   264   0.7890E+01   0.3326E-12  -0.6649E+01
   265   0.7920E+01   0.2724E-12  -0.6675E+01
   266   0.7950E+01   0.2229E-12  -0.6700E+01
   267   0.7980E+01   0.1822E-12  -0.6725E+01
   268   0.8010E+01   0.1489E-12  -0.6750E+01
   269   0.8040E+01   0.1215E-12  -0.6776E+01
   270   0.8070E+01   0.9914E-13  -0.6801E+01
   271   0.8100E+01   0.8081E-13  -0.6826E+01
   272   0.8130E+01   0.6582E-13  -0.6852E+01
   273   0.8160E+01   0.5357E-13  -0.6877E+01
   274   0.8190E+01   0.4357E-13  -0.6902E+01
   275   0.8220E+01   0.3541E-13  -0.6927E+01
   276   0.8250E+01   0.2875E-13  -0.6953E+01
   277   0.8280E+01   0.2333E-13  -0.6978E+01
   278   0.8310E+01   0.1892E-13  -0.7003E+01
   279   0.8340E+01   0.1533E-13  -0.7029E+01
   280   0.8370E+01   0.1241E-13  -0.7054E+01
   281   0.8400E+01   0.1004E-13  -0.7079E+01
   282   0.8430E+01   0.8114E-14  -0.7104E+01
   283   0.8460E+01   0.6554E-14  -0.7130E+01
   284   0.8490E+01   0.5290E-14  -0.7155E+01
   285   0.8520E+01   0.4266E-14  -0.7180E+01
   286   0.8550E+01   0.3438E-14  -0.7206E+01
   287   0.8580E+01   0.2769E-14  -0.7231E+01
   288   0.8610E+01   0.2228E-14  -0.7256E+01
   289   0.8640E+01   0.1791E-14  -0.7281E+01
   290   0.8670E+01   0.1439E-14  -0.7307E+01
   291   0.8700E+01   0.1156E-14  -0.7332E+01
   292   0.8730E+01   0.9271E-15  -0.7357E+01
   293   0.8760E+01   0.7432E-15  -0.7383E+01
   294   0.8790E+01   0.5953E-15  -0.7408E+01
   295   0.8820E+01   0.4765E-15  -0.7433E+01
   296   0.8850E+01   0.3811E-15  -0.7458E+01
   297   0.8880E+01   0.3046E-15  -0.7484E+01
   298   0.8910E+01   0.2433E-15  -0.7509E+01
   299   0.8940E+01   0.1941E-15  -0.7534E+01
   300   0.8970E+01   0.1548E-15  -0.7559E+01
   301   0.9000E+01   0.1233E-15  -0.7585E+01
   302   0.9030E+01   0.9820E-16  -0.7610E+01
   303   0.9060E+01   0.7812E-16  -0.7635E+01
   304   0.9090E+01   0.6211E-16  -0.7661E+01
   305   0.9120E+01   0.4934E-16  -0.7686E+01
   306   0.9150E+01   0.3916E-16  -0.7711E+01
   307   0.9180E+01   0.3106E-16  -0.7736E+01
   308   0.9210E+01   0.2462E-16  -0.7762E+01
   309   0.9240E+01   0.1950E-16  -0.7787E+01
   310   0.9270E+01   0.1543E-16  -0.7812E+01
   311   0.9300E+01   0.1220E-16  -0.7838E+01
   312   0.9330E+01   0.9641E-17  -0.7863E+01
   313   0.9360E+01   0.7612E-17  -0.7888E+01
   314   0.9390E+01   0.6006E-17  -0.7913E+01
   315   0.9420E+01   0.4735E-17  -0.7939E+01
   316   0.9450E+01   0.3730E-17  -0.7964E+01
   317   0.9480E+01   0.2936E-17  -0.7989E+01
   318   0.9510E+01   0.2310E-17  -0.8015E+01
   319   0.9540E+01   0.1815E-17  -0.8040E+01
   320   0.9570E+01   0.1426E-17  -0.8065E+01
   321   0.9600E+01   0.1119E-17  -0.8090E+01
   322   0.9630E+01   0.8774E-18  -0.8116E+01
   323   0.9660E+01   0.6876E-18  -0.8141E+01
   324   0.9690E+01   0.5384E-18  -0.8166E+01
   325   0.9720E+01   0.4212E-18  -0.8192E+01
   326   0.9750E+01   0.3293E-18  -0.8217E+01
   327   0.9780E+01   0.2573E-18  -0.8242E+01
   328   0.9810E+01   0.2008E-18  -0.8267E+01
   329   0.9840E+01   0.1567E-18  -0.8293E+01
   330   0.9870E+01   0.1221E-18  -0.8318E+01
   331   0.9900E+01   0.9511E-19  -0.8343E+01
   332   0.9930E+01   0.7402E-19  -0.8369E+01
   333   0.9960E+01   0.5757E-19  -0.8394E+01
   334   0.9990E+01   0.4473E-19  -0.8419E+01
   335   0.1002E+02   0.3474E-19  -0.8444E+01
   336   0.1005E+02   0.2695E-19  -0.8470E+01
   337   0.1008E+02   0.2090E-19  -0.8495E+01
   338   0.1011E+02   0.1619E-19  -0.8520E+01
   339   0.1014E+02   0.1253E-19  -0.8546E+01
   340   0.1017E+02   0.9695E-20  -0.8571E+01
   341   0.1020E+02   0.7494E-20  -0.8596E+01
   342   0.1023E+02   0.5789E-20  -0.8621E+01
   343   0.1026E+02   0.4468E-20  -0.8647E+01
   344   0.1029E+02   0.3446E-20  -0.8672E+01
   345   0.1032E+02   0.2655E-20  -0.8697E+01
   346   0.1035E+02   0.2045E-20  -0.8722E+01
   347   0.1038E+02   0.1573E-20  -0.8748E+01
   348   0.1041E+02   0.1210E-20  -0.8773E+01
   349   0.1044E+02   0.9294E-21  -0.8798E+01
   350   0.1047E+02   0.7135E-21  -0.8824E+01
   351   0.1050E+02   0.5474E-21  -0.8849E+01
   352   0.1053E+02   0.4196E-21  -0.8874E+01
   353   0.1056E+02   0.3214E-21  -0.8899E+01
   354   0.1059E+02   0.2460E-21  -0.8925E+01
   355   0.1062E+02   0.1881E-21  -0.8950E+01
   356   0.1065E+02   0.1438E-21  -0.8975E+01
   357   0.1068E+02   0.1098E-21  -0.9001E+01
   358   0.1071E+02   0.8379E-22  -0.9026E+01
   359   0.1074E+02   0.6389E-22  -0.9051E+01
   360   0.1077E+02   0.4868E-22  -0.9076E+01
   361   0.1080E+02   0.3706E-22  -0.9102E+01
   362   0.1083E+02   0.2819E-22  -0.9127E+01
   363   0.1086E+02   0.2143E-22  -0.9152E+01
   364   0.1089E+02   0.1628E-22  -0.9178E+01
   365   0.1092E+02   0.1236E-22  -0.9203E+01
   366   0.1095E+02   0.9373E-23  -0.9228E+01
   367   0.1098E+02   0.7104E-23  -0.9253E+01
   368   0.1101E+02   0.5380E-23  -0.9279E+01
   369   0.1104E+02   0.4071E-23  -0.9304E+01
   370   0.1107E+02   0.3078E-23  -0.9329E+01
   371   0.1110E+02   0.2326E-23  -0.9355E+01
   372   0.1113E+02   0.1756E-23  -0.9380E+01
   373   0.1116E+02   0.1325E-23  -0.9405E+01
   374   0.1119E+02   0.9988E-24  -0.9430E+01
   375   0.1122E+02   0.7524E-24  -0.9456E+01
   376   0.1125E+02   0.5663E-24  -0.9481E+01
   377   0.1128E+02   0.4260E-24  -0.9506E+01
   378   0.1131E+02   0.3202E-24  -0.9532E+01
   379   0.1134E+02   0.2404E-24  -0.9557E+01
   380   0.1137E+02   0.1804E-24  -0.9582E+01
   381   0.1140E+02   0.1353E-24  -0.9607E+01
   382   0.1143E+02   0.1014E-24  -0.9633E+01
   383   0.1146E+02   0.7592E-25  -0.9658E+01
   384   0.1149E+02   0.5680E-25  -0.9683E+01
   385   0.1152E+02   0.4246E-25  -0.9709E+01
   386   0.1155E+02   0.3172E-25  -0.9734E+01
   387   0.1158E+02   0.2368E-25  -0.9759E+01
   388   0.1161E+02   0.1766E-25  -0.9784E+01
   389   0.1164E+02   0.1316E-25  -0.9810E+01
   390   0.1167E+02   0.9805E-26  -0.9835E+01
   391   0.1170E+02   0.7297E-26  -0.9860E+01
   392   0.1173E+02   0.5426E-26  -0.9885E+01
   393   0.1176E+02   0.4032E-26  -0.9911E+01
   394   0.1179E+02   0.2994E-26  -0.9936E+01
   395   0.1182E+02   0.2221E-26  -0.9961E+01
   396   0.1185E+02   0.1647E-26  -0.9987E+01
   397   0.1188E+02   0.1220E-26  -0.1001E+02
   398   0.1191E+02   0.9032E-27  -0.1004E+02
   399   0.1194E+02   0.6681E-27  -0.1006E+02
   400   0.1197E+02   0.4938E-27  -0.1009E+02
   401   0.1200E+02   0.3648E-27  -0.1011E+02
   402   0.1203E+02   0.2692E-27  -0.1014E+02
   403   0.1206E+02   0.1985E-27  -0.1016E+02
   404   0.1209E+02   0.1463E-27  -0.1019E+02
   405   0.1212E+02   0.1077E-27  -0.1021E+02
   406   0.1215E+02   0.7926E-28  -0.1024E+02
   407   0.1218E+02   0.5828E-28  -0.1026E+02
   408   0.1221E+02   0.4282E-28  -0.1029E+02
   409   0.1224E+02   0.3143E-28  -0.1032E+02
   410   0.1227E+02   0.2306E-28  -0.1034E+02
   411   0.1230E+02   0.1690E-28  -0.1037E+02
   412   0.1233E+02   0.1238E-28  -0.1039E+02
   413   0.1236E+02   0.9060E-29  -0.1042E+02
   414   0.1239E+02   0.6626E-29  -0.1044E+02
   415   0.1242E+02   0.4842E-29  -0.1047E+02
   416   0.1245E+02   0.3536E-29  -0.1049E+02
   417   0.1248E+02   0.2580E-29  -0.1052E+02
   418   0.1251E+02   0.1881E-29  -0.1054E+02
   419   0.1254E+02   0.1371E-29  -0.1057E+02
   420   0.1257E+02   0.9979E-30  -0.1059E+02
   421   0.1260E+02   0.7259E-30  -0.1062E+02
   422   0.1263E+02   0.5277E-30  -0.1064E+02
   423   0.1266E+02   0.3833E-30  -0.1067E+02
   424   0.1269E+02   0.2782E-30  -0.1069E+02
   425   0.1272E+02   0.2018E-30  -0.1072E+02
   426   0.1275E+02   0.1462E-30  -0.1075E+02
   427   0.1278E+02   0.1059E-30  -0.1077E+02
   428   0.1281E+02   0.7663E-31  -0.1080E+02
   429   0.1284E+02   0.5541E-31  -0.1082E+02
   430   0.1287E+02   0.4003E-31  -0.1085E+02
   431   0.1290E+02   0.2890E-31  -0.1087E+02
   432   0.1293E+02   0.2085E-31  -0.1090E+02
   433   0.1296E+02   0.1503E-31  -0.1092E+02
   434   0.1299E+02   0.1083E-31  -0.1095E+02
   435   0.1302E+02   0.7794E-32  -0.1097E+02
   436   0.1305E+02   0.5605E-32  -0.1100E+02
   437   0.1308E+02   0.4029E-32  -0.1102E+02
   438   0.1311E+02   0.2893E-32  -0.1105E+02
   439   0.1314E+02   0.2076E-32  -0.1107E+02
   440   0.1317E+02   0.1489E-32  -0.1110E+02
   441   0.1320E+02   0.1067E-32  -0.1112E+02
   442   0.1323E+02   0.7637E-33  -0.1115E+02
   443   0.1326E+02   0.5464E-33  -0.1117E+02
   444   0.1329E+02   0.3906E-33  -0.1120E+02
   445   0.1332E+02   0.2790E-33  -0.1123E+02
   446   0.1335E+02   0.1992E-33  -0.1125E+02
   447   0.1338E+02   0.1421E-33  -0.1128E+02
   448   0.1341E+02   0.1013E-33  -0.1130E+02
   449   0.1344E+02   0.7211E-34  -0.1133E+02
   450   0.1347E+02   0.5132E-34  -0.1135E+02
   451   0.1350E+02   0.3649E-34  -0.1138E+02
   452   0.1353E+02   0.2593E-34  -0.1140E+02
   453   0.1356E+02   0.1841E-34  -0.1143E+02
   454   0.1359E+02   0.1306E-34  -0.1145E+02
   455   0.1362E+02   0.9261E-35  -0.1148E+02
   456   0.1365E+02   0.6560E-35  -0.1150E+02
   457   0.1368E+02   0.4644E-35  -0.1153E+02
   458   0.1371E+02   0.3285E-35  -0.1155E+02
   459   0.1374E+02   0.2322E-35  -0.1158E+02
   460   0.1377E+02   0.1640E-35  -0.1160E+02
   461   0.1380E+02   0.1157E-35  -0.1163E+02
   462   0.1383E+02   0.8161E-36  -0.1166E+02
   463   0.1386E+02   0.5751E-36  -0.1168E+02
   464   0.1389E+02   0.4049E-36  -0.1171E+02
   465   0.1392E+02   0.2849E-36  -0.1173E+02
   466   0.1395E+02   0.2003E-36  -0.1176E+02
   467   0.1398E+02   0.1407E-36  -0.1178E+02
   468   0.1401E+02   0.9878E-37  -0.1181E+02
   469   0.1404E+02   0.6929E-37  -0.1183E+02
   470   0.1407E+02   0.4857E-37  -0.1186E+02
   471   0.1410E+02   0.3402E-37  -0.1188E+02
   472   0.1413E+02   0.2381E-37  -0.1191E+02
   473   0.1416E+02   0.1665E-37  -0.1193E+02
   474   0.1419E+02   0.1163E-37  -0.1196E+02
   475   0.1422E+02   0.8124E-38  -0.1198E+02
   476   0.1425E+02   0.5669E-38  -0.1201E+02
   477   0.1428E+02   0.3952E-38  -0.1203E+02
   478   0.1431E+02   0.2754E-38  -0.1206E+02
   479   0.1434E+02   0.1917E-38  -0.1209E+02
   480   0.1437E+02   0.1333E-38  -0.1211E+02
   481   0.1440E+02   0.9269E-39  -0.1214E+02
   482   0.1443E+02   0.6438E-39  -0.1216E+02
   483   0.1446E+02   0.4468E-39  -0.1219E+02
   484   0.1449E+02   0.3099E-39  -0.1221E+02
   485   0.1452E+02   0.2148E-39  -0.1224E+02
   486   0.1455E+02   0.1487E-39  -0.1226E+02
   487   0.1458E+02   0.1029E-39  -0.1229E+02
   488   0.1461E+02   0.7115E-40  -0.1231E+02
   489   0.1464E+02   0.4916E-40  -0.1234E+02
   490   0.1467E+02   0.3394E-40  -0.1236E+02
   491   0.1470E+02   0.2341E-40  -0.1239E+02
   492   0.1473E+02   0.1614E-40  -0.1241E+02
   493   0.1476E+02   0.1112E-40  -0.1244E+02
   494   0.1479E+02   0.7651E-41  -0.1246E+02
   495   0.1482E+02   0.5262E-41  -0.1249E+02
   496   0.1485E+02   0.3616E-41  -0.1251E+02
   497   0.1488E+02   0.2484E-41  -0.1254E+02
   498   0.1491E+02   0.1704E-41  -0.1257E+02
   499   0.1494E+02   0.1169E-41  -0.1259E+02
   500   0.1497E+02   0.8006E-42  -0.1262E+02
   501   0.1500E+02   0.5481E-42  -0.1264E+02
