#   pt       r            w            wL          Qw            A            b           IP
     1   0.0000E+00   0.1670E+03   0.6724E+01   0.8737E+01   0.1670E+03  -0.0000E+00   0.0000E+00
     2   0.2000E-01   0.1608E+03   0.6368E+01   0.8731E+01   0.1734E+03   0.3758E+01   0.1765E+01
     3   0.4000E-01   0.1438E+03   0.6030E+01   0.8696E+01   0.1934E+03   0.7409E+01   0.6861E+01
     4   0.6000E-01   0.1197E+03   0.5711E+01   0.8613E+01   0.2292E+03   0.1082E+02   0.1464E+02
     5   0.8000E-01   0.9351E+02   0.5408E+01   0.8482E+01   0.2826E+03   0.1383E+02   0.2389E+02
     6   0.1000E+00   0.6918E+02   0.5121E+01   0.8318E+01   0.3489E+03   0.1618E+02   0.3273E+02
     7   0.1200E+00   0.4925E+02   0.4849E+01   0.8141E+01   0.4076E+03   0.1761E+02   0.3877E+02
     8   0.1400E+00   0.3446E+02   0.4592E+01   0.7966E+01   0.4221E+03   0.1789E+02   0.4003E+02
     9   0.1600E+00   0.2426E+02   0.4349E+01   0.7803E+01   0.3713E+03   0.1705E+02   0.3634E+02
    10   0.1800E+00   0.1751E+02   0.4118E+01   0.7654E+01   0.2842E+03   0.1548E+02   0.2997E+02
    11   0.2000E+00   0.1307E+02   0.3900E+01   0.7517E+01   0.2076E+03   0.1383E+02   0.2390E+02
    12   0.2200E+00   0.1004E+02   0.3693E+01   0.7390E+01   0.1601E+03   0.1259E+02   0.1980E+02
    13   0.2400E+00   0.7869E+01   0.3497E+01   0.7272E+01   0.1364E+03   0.1189E+02   0.1766E+02
    14   0.2600E+00   0.6225E+01   0.3312E+01   0.7163E+01   0.1264E+03   0.1158E+02   0.1676E+02
    15   0.2800E+00   0.4946E+01   0.3136E+01   0.7061E+01   0.1212E+03   0.1142E+02   0.1631E+02
    16   0.3000E+00   0.3944E+01   0.2970E+01   0.6968E+01   0.1135E+03   0.1120E+02   0.1568E+02
    17   0.3200E+00   0.3165E+01   0.2813E+01   0.6882E+01   0.9906E+02   0.1076E+02   0.1448E+02
    18   0.3400E+00   0.2569E+01   0.2663E+01   0.6804E+01   0.7786E+02   0.1003E+02   0.1258E+02
    19   0.3600E+00   0.2123E+01   0.2522E+01   0.6733E+01   0.5446E+02   0.9013E+01   0.1015E+02
    20   0.3800E+00   0.1794E+01   0.2388E+01   0.6666E+01   0.3440E+02   0.7772E+01   0.7551E+01
    21   0.4000E+00   0.1557E+01   0.2262E+01   0.6602E+01   0.2042E+02   0.6435E+01   0.5177E+01
    22   0.4200E+00   0.1387E+01   0.2142E+01   0.6540E+01   0.1204E+02   0.5146E+01   0.3310E+01
    23   0.4400E+00   0.1266E+01   0.2028E+01   0.6478E+01   0.7423E+01   0.4020E+01   0.2021E+01
    24   0.4600E+00   0.1179E+01   0.1921E+01   0.6416E+01   0.4962E+01   0.3124E+01   0.1220E+01
    25   0.4800E+00   0.1115E+01   0.1819E+01   0.6353E+01   0.3648E+01   0.2469E+01   0.7620E+00
    26   0.5000E+00   0.1066E+01   0.1723E+01   0.6287E+01   0.2940E+01   0.2028E+01   0.5143E+00
    27   0.5200E+00   0.1027E+01   0.1631E+01   0.6219E+01   0.2564E+01   0.1759E+01   0.3868E+00
    28   0.5400E+00   0.9932E+00   0.1545E+01   0.6147E+01   0.2377E+01   0.1616E+01   0.3264E+00
    29   0.5600E+00   0.9622E+00   0.1463E+01   0.6073E+01   0.2304E+01   0.1559E+01   0.3039E+00
    30   0.5800E+00   0.9328E+00   0.1385E+01   0.5996E+01   0.2303E+01   0.1558E+01   0.3035E+00
    31   0.6000E+00   0.9039E+00   0.1312E+01   0.5915E+01   0.2348E+01   0.1591E+01   0.3164E+00
    32   0.6200E+00   0.8752E+00   0.1242E+01   0.5832E+01   0.2423E+01   0.1642E+01   0.3372E+00
    33   0.6400E+00   0.8464E+00   0.1176E+01   0.5746E+01   0.2516E+01   0.1702E+01   0.3623E+00
    34   0.6600E+00   0.8175E+00   0.1114E+01   0.5658E+01   0.2621E+01   0.1765E+01   0.3894E+00
    35   0.6800E+00   0.7887E+00   0.1055E+01   0.5567E+01   0.2731E+01   0.1826E+01   0.4169E+00
    36   0.7000E+00   0.7600E+00   0.9990E+00   0.5475E+01   0.2843E+01   0.1885E+01   0.4440E+00
    37   0.7200E+00   0.7314E+00   0.9460E+00   0.5380E+01   0.2955E+01   0.1939E+01   0.4700E+00
    38   0.7400E+00   0.7033E+00   0.8959E+00   0.5284E+01   0.3064E+01   0.1989E+01   0.4945E+00
    39   0.7600E+00   0.6755E+00   0.8484E+00   0.5187E+01   0.3171E+01   0.2035E+01   0.5174E+00
    40   0.7800E+00   0.6483E+00   0.8034E+00   0.5088E+01   0.3274E+01   0.2076E+01   0.5387E+00
    41   0.8000E+00   0.6217E+00   0.7608E+00   0.4989E+01   0.3372E+01   0.2114E+01   0.5584E+00
    42   0.8200E+00   0.5958E+00   0.7205E+00   0.4888E+01   0.3467E+01   0.2148E+01   0.5766E+00
    43   0.8400E+00   0.5705E+00   0.6823E+00   0.4787E+01   0.3558E+01   0.2179E+01   0.5935E+00
    44   0.8600E+00   0.5461E+00   0.6461E+00   0.4686E+01   0.3645E+01   0.2207E+01   0.6090E+00
    45   0.8800E+00   0.5223E+00   0.6118E+00   0.4584E+01   0.3728E+01   0.2233E+01   0.6235E+00
    46   0.9000E+00   0.4994E+00   0.5794E+00   0.4483E+01   0.3808E+01   0.2257E+01   0.6369E+00
    47   0.9200E+00   0.4772E+00   0.5487E+00   0.4381E+01   0.3886E+01   0.2279E+01   0.6495E+00
    48   0.9400E+00   0.4559E+00   0.5196E+00   0.4280E+01   0.3961E+01   0.2300E+01   0.6612E+00
    49   0.9600E+00   0.4353E+00   0.4920E+00   0.4179E+01   0.4034E+01   0.2319E+01   0.6723E+00
    50   0.9800E+00   0.4155E+00   0.4659E+00   0.4078E+01   0.4105E+01   0.2337E+01   0.6828E+00
    51   0.1000E+01   0.3965E+00   0.4412E+00   0.3978E+01   0.4174E+01   0.2354E+01   0.6927E+00
    52   0.1020E+01   0.3782E+00   0.4178E+00   0.3879E+01   0.4243E+01   0.2370E+01   0.7023E+00
    53   0.1040E+01   0.3606E+00   0.3957E+00   0.3780E+01   0.4311E+01   0.2386E+01   0.7114E+00
    54   0.1060E+01   0.3437E+00   0.3747E+00   0.3683E+01   0.4378E+01   0.2400E+01   0.7203E+00
    55   0.1080E+01   0.3276E+00   0.3548E+00   0.3586E+01   0.4445E+01   0.2415E+01   0.7289E+00
    56   0.1100E+01   0.3121E+00   0.3360E+00   0.3491E+01   0.4513E+01   0.2429E+01   0.7372E+00
    57   0.1120E+01   0.2973E+00   0.3182E+00   0.3396E+01   0.4581E+01   0.2442E+01   0.7454E+00
    58   0.1140E+01   0.2831E+00   0.3013E+00   0.3303E+01   0.4649E+01   0.2455E+01   0.7534E+00
    59   0.1160E+01   0.2695E+00   0.2854E+00   0.3212E+01   0.4718E+01   0.2468E+01   0.7613E+00
    60   0.1180E+01   0.2564E+00   0.2702E+00   0.3121E+01   0.4787E+01   0.2480E+01   0.7690E+00
    61   0.1200E+01   0.2440E+00   0.2559E+00   0.3032E+01   0.4858E+01   0.2493E+01   0.7767E+00
    62   0.1220E+01   0.2321E+00   0.2423E+00   0.2945E+01   0.4930E+01   0.2505E+01   0.7843E+00
    63   0.1240E+01   0.2207E+00   0.2295E+00   0.2858E+01   0.5003E+01   0.2517E+01   0.7918E+00
    64   0.1260E+01   0.2099E+00   0.2173E+00   0.2774E+01   0.5078E+01   0.2529E+01   0.7992E+00
    65   0.1280E+01   0.1995E+00   0.2058E+00   0.2691E+01   0.5153E+01   0.2540E+01   0.8066E+00
    66   0.1300E+01   0.1896E+00   0.1949E+00   0.2610E+01   0.5230E+01   0.2552E+01   0.8139E+00
    67   0.1320E+01   0.1801E+00   0.1845E+00   0.2530E+01   0.5308E+01   0.2563E+01   0.8211E+00
    68   0.1340E+01   0.1711E+00   0.1748E+00   0.2452E+01   0.5387E+01   0.2574E+01   0.8283E+00
    69   0.1360E+01   0.1625E+00   0.1655E+00   0.2376E+01   0.5467E+01   0.2585E+01   0.8353E+00
    70   0.1380E+01   0.1543E+00   0.1567E+00   0.2301E+01   0.5548E+01   0.2596E+01   0.8423E+00
    71   0.1400E+01   0.1465E+00   0.1484E+00   0.2228E+01   0.5630E+01   0.2606E+01   0.8491E+00
    72   0.1420E+01   0.1390E+00   0.1405E+00   0.2156E+01   0.5712E+01   0.2617E+01   0.8558E+00
    73   0.1440E+01   0.1319E+00   0.1331E+00   0.2087E+01   0.5794E+01   0.2627E+01   0.8624E+00
    74   0.1460E+01   0.1252E+00   0.1260E+00   0.2019E+01   0.5876E+01   0.2636E+01   0.8688E+00
    75   0.1480E+01   0.1187E+00   0.1194E+00   0.1953E+01   0.5958E+01   0.2646E+01   0.8750E+00
    76   0.1500E+01   0.1126E+00   0.1130E+00   0.1888E+01   0.6040E+01   0.2655E+01   0.8810E+00
    77   0.1520E+01   0.1068E+00   0.1070E+00   0.1825E+01   0.6120E+01   0.2664E+01   0.8868E+00
    78   0.1540E+01   0.1012E+00   0.1014E+00   0.1764E+01   0.6199E+01   0.2672E+01   0.8924E+00
    79   0.1560E+01   0.9595E-01   0.9598E-01   0.1705E+01   0.6277E+01   0.2680E+01   0.8978E+00
    80   0.1580E+01   0.9093E-01   0.9089E-01   0.1647E+01   0.6352E+01   0.2688E+01   0.9029E+00
    81   0.1600E+01   0.8617E-01   0.8607E-01   0.1591E+01   0.6425E+01   0.2695E+01   0.9077E+00
    82   0.1620E+01   0.8164E-01   0.8151E-01   0.1536E+01   0.6495E+01   0.2701E+01   0.9123E+00
    83   0.1640E+01   0.7734E-01   0.7719E-01   0.1483E+01   0.6562E+01   0.2708E+01   0.9165E+00
    84   0.1660E+01   0.7326E-01   0.7310E-01   0.1431E+01   0.6625E+01   0.2714E+01   0.9204E+00
    85   0.1680E+01   0.6939E-01   0.6922E-01   0.1381E+01   0.6684E+01   0.2719E+01   0.9241E+00
    86   0.1700E+01   0.6571E-01   0.6555E-01   0.1333E+01   0.6739E+01   0.2724E+01   0.9274E+00
    87   0.1720E+01   0.6223E-01   0.6208E-01   0.1286E+01   0.6789E+01   0.2728E+01   0.9303E+00
    88   0.1740E+01   0.5892E-01   0.5878E-01   0.1240E+01   0.6835E+01   0.2732E+01   0.9330E+00
    89   0.1760E+01   0.5578E-01   0.5567E-01   0.1196E+01   0.6875E+01   0.2735E+01   0.9353E+00
    90   0.1780E+01   0.5281E-01   0.5272E-01   0.1154E+01   0.6910E+01   0.2738E+01   0.9372E+00
    91   0.1800E+01   0.5000E-01   0.4992E-01   0.1112E+01   0.6940E+01   0.2741E+01   0.9388E+00
    92   0.1820E+01   0.4733E-01   0.4727E-01   0.1072E+01   0.6963E+01   0.2742E+01   0.9401E+00
    93   0.1840E+01   0.4480E-01   0.4477E-01   0.1033E+01   0.6981E+01   0.2744E+01   0.9411E+00
    94   0.1860E+01   0.4241E-01   0.4239E-01   0.9958E+00   0.6993E+01   0.2745E+01   0.9417E+00
    95   0.1880E+01   0.4014E-01   0.4015E-01   0.9596E+00   0.6999E+01   0.2745E+01   0.9420E+00
    96   0.1900E+01   0.3800E-01   0.3802E-01   0.9245E+00   0.6999E+01   0.2745E+01   0.9421E+00
    97   0.1920E+01   0.3597E-01   0.3600E-01   0.8906E+00   0.6994E+01   0.2745E+01   0.9418E+00
    98   0.1940E+01   0.3405E-01   0.3409E-01   0.8578E+00   0.6983E+01   0.2744E+01   0.9412E+00
    99   0.1960E+01   0.3223E-01   0.3228E-01   0.8262E+00   0.6966E+01   0.2743E+01   0.9404E+00
   100   0.1980E+01   0.3051E-01   0.3057E-01   0.7956E+00   0.6945E+01   0.2741E+01   0.9393E+00
   101   0.2000E+01   0.2888E-01   0.2895E-01   0.7660E+00   0.6918E+01   0.2739E+01   0.9380E+00
   102   0.2020E+01   0.2734E-01   0.2742E-01   0.7375E+00   0.6886E+01   0.2737E+01   0.9364E+00
   103   0.2040E+01   0.2589E-01   0.2596E-01   0.7100E+00   0.6850E+01   0.2734E+01   0.9346E+00
   104   0.2060E+01   0.2451E-01   0.2459E-01   0.6833E+00   0.6810E+01   0.2732E+01   0.9327E+00
   105   0.2080E+01   0.2321E-01   0.2328E-01   0.6577E+00   0.6767E+01   0.2728E+01   0.9306E+00
   106   0.2100E+01   0.2198E-01   0.2205E-01   0.6329E+00   0.6720E+01   0.2725E+01   0.9283E+00
   107   0.2120E+01   0.2081E-01   0.2088E-01   0.6089E+00   0.6670E+01   0.2722E+01   0.9259E+00
   108   0.2140E+01   0.1971E-01   0.1977E-01   0.5858E+00   0.6617E+01   0.2718E+01   0.9234E+00
   109   0.2160E+01   0.1867E-01   0.1872E-01   0.5636E+00   0.6563E+01   0.2714E+01   0.9208E+00
   110   0.2180E+01   0.1768E-01   0.1773E-01   0.5421E+00   0.6507E+01   0.2710E+01   0.9181E+00
   111   0.2200E+01   0.1675E-01   0.1679E-01   0.5213E+00   0.6449E+01   0.2706E+01   0.9153E+00
   112   0.2220E+01   0.1587E-01   0.1590E-01   0.5013E+00   0.6391E+01   0.2702E+01   0.9126E+00
   113   0.2240E+01   0.1503E-01   0.1506E-01   0.4820E+00   0.6333E+01   0.2698E+01   0.9098E+00
   114   0.2260E+01   0.1425E-01   0.1426E-01   0.4634E+00   0.6274E+01   0.2694E+01   0.9070E+00
   115   0.2280E+01   0.1350E-01   0.1350E-01   0.4454E+00   0.6216E+01   0.2690E+01   0.9043E+00
   116   0.2300E+01   0.1279E-01   0.1279E-01   0.4281E+00   0.6159E+01   0.2686E+01   0.9015E+00
   117   0.2320E+01   0.1212E-01   0.1211E-01   0.4114E+00   0.6103E+01   0.2682E+01   0.8989E+00
   118   0.2340E+01   0.1149E-01   0.1147E-01   0.3953E+00   0.6048E+01   0.2678E+01   0.8963E+00
   119   0.2360E+01   0.1089E-01   0.1086E-01   0.3798E+00   0.5996E+01   0.2674E+01   0.8938E+00
   120   0.2380E+01   0.1033E-01   0.1028E-01   0.3648E+00   0.5946E+01   0.2671E+01   0.8914E+00
   121   0.2400E+01   0.9789E-02   0.9738E-02   0.3503E+00   0.5898E+01   0.2667E+01   0.8892E+00
   122   0.2420E+01   0.9280E-02   0.9222E-02   0.3364E+00   0.5853E+01   0.2664E+01   0.8871E+00
   123   0.2440E+01   0.8799E-02   0.8733E-02   0.3230E+00   0.5811E+01   0.2661E+01   0.8851E+00
   124   0.2460E+01   0.8343E-02   0.8270E-02   0.3101E+00   0.5773E+01   0.2658E+01   0.8833E+00
   125   0.2480E+01   0.7912E-02   0.7832E-02   0.2976E+00   0.5738E+01   0.2656E+01   0.8817E+00
   126   0.2500E+01   0.7502E-02   0.7416E-02   0.2856E+00   0.5707E+01   0.2654E+01   0.8803E+00
   127   0.2520E+01   0.7115E-02   0.7023E-02   0.2741E+00   0.5681E+01   0.2652E+01   0.8790E+00
   128   0.2540E+01   0.6747E-02   0.6651E-02   0.2629E+00   0.5659E+01   0.2650E+01   0.8780E+00
   129   0.2560E+01   0.6399E-02   0.6298E-02   0.2522E+00   0.5641E+01   0.2649E+01   0.8772E+00
   130   0.2580E+01   0.6069E-02   0.5964E-02   0.2418E+00   0.5628E+01   0.2648E+01   0.8766E+00
   131   0.2600E+01   0.5756E-02   0.5648E-02   0.2319E+00   0.5621E+01   0.2648E+01   0.8763E+00
   132   0.2620E+01   0.5459E-02   0.5348E-02   0.2223E+00   0.5618E+01   0.2648E+01   0.8762E+00
   133   0.2640E+01   0.5178E-02   0.5065E-02   0.2130E+00   0.5622E+01   0.2648E+01   0.8763E+00
   134   0.2660E+01   0.4910E-02   0.4796E-02   0.2041E+00   0.5630E+01   0.2648E+01   0.8767E+00
   135   0.2680E+01   0.4657E-02   0.4542E-02   0.1956E+00   0.5645E+01   0.2649E+01   0.8774E+00
   136   0.2700E+01   0.4417E-02   0.4301E-02   0.1873E+00   0.5666E+01   0.2651E+01   0.8783E+00
   137   0.2720E+01   0.4189E-02   0.4073E-02   0.1794E+00   0.5693E+01   0.2652E+01   0.8794E+00
   138   0.2740E+01   0.3972E-02   0.3857E-02   0.1717E+00   0.5727E+01   0.2655E+01   0.8809E+00
   139   0.2760E+01   0.3767E-02   0.3653E-02   0.1644E+00   0.5767E+01   0.2657E+01   0.8826E+00
   140   0.2780E+01   0.3572E-02   0.3459E-02   0.1573E+00   0.5815E+01   0.2660E+01   0.8845E+00
   141   0.2800E+01   0.3386E-02   0.3276E-02   0.1505E+00   0.5870E+01   0.2664E+01   0.8868E+00
   142   0.2820E+01   0.3211E-02   0.3102E-02   0.1440E+00   0.5933E+01   0.2667E+01   0.8893E+00
   143   0.2840E+01   0.3044E-02   0.2937E-02   0.1377E+00   0.6003E+01   0.2671E+01   0.8921E+00
   144   0.2860E+01   0.2885E-02   0.2782E-02   0.1316E+00   0.6082E+01   0.2676E+01   0.8952E+00
   145   0.2880E+01   0.2735E-02   0.2634E-02   0.1258E+00   0.6170E+01   0.2681E+01   0.8985E+00
   146   0.2900E+01   0.2592E-02   0.2495E-02   0.1202E+00   0.6266E+01   0.2686E+01   0.9021E+00
   147   0.2920E+01   0.2456E-02   0.2362E-02   0.1148E+00   0.6372E+01   0.2692E+01   0.9060E+00
   148   0.2940E+01   0.2327E-02   0.2237E-02   0.1097E+00   0.6488E+01   0.2698E+01   0.9101E+00
   149   0.2960E+01   0.2205E-02   0.2118E-02   0.1047E+00   0.6615E+01   0.2705E+01   0.9145E+00
   150   0.2980E+01   0.2089E-02   0.2006E-02   0.9997E-01   0.6752E+01   0.2712E+01   0.9192E+00
   151   0.3000E+01   0.1978E-02   0.1900E-02   0.9540E-01   0.6900E+01   0.2719E+01   0.9242E+00
   152   0.3020E+01   0.1873E-02   0.1799E-02   0.9102E-01   0.7061E+01   0.2727E+01   0.9293E+00
   153   0.3040E+01   0.1774E-02   0.1704E-02   0.8681E-01   0.7234E+01   0.2735E+01   0.9348E+00
   154   0.3060E+01   0.1679E-02   0.1613E-02   0.8277E-01   0.7420E+01   0.2743E+01   0.9405E+00
   155   0.3080E+01   0.1589E-02   0.1528E-02   0.7890E-01   0.7620E+01   0.2752E+01   0.9465E+00
   156   0.3100E+01   0.1504E-02   0.1447E-02   0.7519E-01   0.7835E+01   0.2761E+01   0.9527E+00
   157   0.3120E+01   0.1423E-02   0.1370E-02   0.7164E-01   0.8066E+01   0.2770E+01   0.9591E+00
   158   0.3140E+01   0.1346E-02   0.1297E-02   0.6823E-01   0.8313E+01   0.2780E+01   0.9658E+00
   159   0.3160E+01   0.1273E-02   0.1229E-02   0.6496E-01   0.8578E+01   0.2790E+01   0.9727E+00
   160   0.3180E+01   0.1204E-02   0.1163E-02   0.6183E-01   0.8861E+01   0.2800E+01   0.9799E+00
   161   0.3200E+01   0.1139E-02   0.1102E-02   0.5884E-01   0.9164E+01   0.2810E+01   0.9873E+00
   162   0.3220E+01   0.1076E-02   0.1043E-02   0.5597E-01   0.9488E+01   0.2821E+01   0.9949E+00
   163   0.3240E+01   0.1017E-02   0.9880E-03   0.5323E-01   0.9833E+01   0.2832E+01   0.1003E+01
   164   0.3260E+01   0.9609E-03   0.9357E-03   0.5060E-01   0.1020E+02   0.2844E+01   0.1011E+01
   165   0.3280E+01   0.9077E-03   0.8860E-03   0.4809E-01   0.1060E+02   0.2855E+01   0.1019E+01
   166   0.3300E+01   0.8572E-03   0.8391E-03   0.4569E-01   0.1102E+02   0.2867E+01   0.1028E+01
   167   0.3320E+01   0.8093E-03   0.7946E-03   0.4340E-01   0.1147E+02   0.2879E+01   0.1036E+01
   168   0.3340E+01   0.7640E-03   0.7525E-03   0.4121E-01   0.1195E+02   0.2891E+01   0.1045E+01
   169   0.3360E+01   0.7209E-03   0.7126E-03   0.3912E-01   0.1246E+02   0.2904E+01   0.1054E+01
   170   0.3380E+01   0.6802E-03   0.6748E-03   0.3712E-01   0.1301E+02   0.2917E+01   0.1063E+01
   171   0.3400E+01   0.6416E-03   0.6390E-03   0.3521E-01   0.1359E+02   0.2930E+01   0.1073E+01
   172   0.3420E+01   0.6050E-03   0.6051E-03   0.3339E-01   0.1421E+02   0.2943E+01   0.1083E+01
   173   0.3440E+01   0.5703E-03   0.5730E-03   0.3165E-01   0.1488E+02   0.2956E+01   0.1092E+01
   174   0.3460E+01   0.5375E-03   0.5427E-03   0.2999E-01   0.1559E+02   0.2970E+01   0.1102E+01
   175   0.3480E+01   0.5064E-03   0.5139E-03   0.2842E-01   0.1635E+02   0.2983E+01   0.1113E+01
   176   0.3500E+01   0.4770E-03   0.4866E-03   0.2691E-01   0.1716E+02   0.2997E+01   0.1123E+01
   177   0.3520E+01   0.4492E-03   0.4608E-03   0.2548E-01   0.1802E+02   0.3011E+01   0.1133E+01
   178   0.3540E+01   0.4229E-03   0.4364E-03   0.2411E-01   0.1895E+02   0.3025E+01   0.1144E+01
   179   0.3560E+01   0.3980E-03   0.4133E-03   0.2281E-01   0.1993E+02   0.3040E+01   0.1155E+01
   180   0.3580E+01   0.3745E-03   0.3913E-03   0.2158E-01   0.2099E+02   0.3054E+01   0.1166E+01
   181   0.3600E+01   0.3522E-03   0.3706E-03   0.2040E-01   0.2211E+02   0.3069E+01   0.1177E+01
   182   0.3620E+01   0.3312E-03   0.3509E-03   0.1928E-01   0.2332E+02   0.3083E+01   0.1188E+01
   183   0.3640E+01   0.3114E-03   0.3323E-03   0.1822E-01   0.2461E+02   0.3098E+01   0.1200E+01
   184   0.3660E+01   0.2926E-03   0.3147E-03   0.1721E-01   0.2599E+02   0.3113E+01   0.1211E+01
   185   0.3680E+01   0.2749E-03   0.2980E-03   0.1624E-01   0.2746E+02   0.3128E+01   0.1223E+01
   186   0.3700E+01   0.2582E-03   0.2822E-03   0.1533E-01   0.2904E+02   0.3143E+01   0.1235E+01
   187   0.3720E+01   0.2424E-03   0.2673E-03   0.1447E-01   0.3073E+02   0.3159E+01   0.1247E+01
   188   0.3740E+01   0.2276E-03   0.2531E-03   0.1365E-01   0.3254E+02   0.3174E+01   0.1259E+01
   189   0.3760E+01   0.2135E-03   0.2397E-03   0.1287E-01   0.3448E+02   0.3189E+01   0.1272E+01
   190   0.3780E+01   0.2003E-03   0.2270E-03   0.1213E-01   0.3655E+02   0.3205E+01   0.1284E+01
   191   0.3800E+01   0.1878E-03   0.2149E-03   0.1143E-01   0.3878E+02   0.3220E+01   0.1296E+01
   192   0.3820E+01   0.1761E-03   0.2035E-03   0.1076E-01   0.4116E+02   0.3236E+01   0.1309E+01
   193   0.3840E+01   0.1650E-03   0.1927E-03   0.1014E-01   0.4372E+02   0.3252E+01   0.1322E+01
   194   0.3860E+01   0.1546E-03   0.1825E-03   0.9540E-02   0.4646E+02   0.3268E+01   0.1335E+01
   195   0.3880E+01   0.1448E-03   0.1728E-03   0.8977E-02   0.4941E+02   0.3284E+01   0.1348E+01
   196   0.3900E+01   0.1356E-03   0.1637E-03   0.8444E-02   0.5256E+02   0.3299E+01   0.1361E+01
   197   0.3920E+01   0.1269E-03   0.1550E-03   0.7940E-02   0.5596E+02   0.3315E+01   0.1374E+01
   198   0.3940E+01   0.1187E-03   0.1468E-03   0.7464E-02   0.5960E+02   0.3332E+01   0.1387E+01
   199   0.3960E+01   0.1111E-03   0.1390E-03   0.7013E-02   0.6351E+02   0.3348E+01   0.1401E+01
   200   0.3980E+01   0.1039E-03   0.1316E-03   0.6588E-02   0.6771E+02   0.3364E+01   0.1414E+01
   201   0.4000E+01   0.9709E-04   0.1247E-03   0.6186E-02   0.7223E+02   0.3380E+01   0.1428E+01
   202   0.4020E+01   0.9073E-04   0.1180E-03   0.5806E-02   0.7709E+02   0.3396E+01   0.1442E+01
   203   0.4040E+01   0.8476E-04   0.1118E-03   0.5448E-02   0.8231E+02   0.3412E+01   0.1456E+01
   204   0.4060E+01   0.7915E-04   0.1059E-03   0.5111E-02   0.8793E+02   0.3429E+01   0.1470E+01
   205   0.4080E+01   0.7389E-04   0.1002E-03   0.4792E-02   0.9398E+02   0.3445E+01   0.1484E+01
   206   0.4100E+01   0.6896E-04   0.9493E-04   0.4492E-02   0.1005E+03   0.3461E+01   0.1498E+01
   207   0.4120E+01   0.6434E-04   0.8990E-04   0.4209E-02   0.1075E+03   0.3478E+01   0.1512E+01
   208   0.4140E+01   0.6001E-04   0.8513E-04   0.3943E-02   0.1151E+03   0.3494E+01   0.1526E+01
   209   0.4160E+01   0.5595E-04   0.8062E-04   0.3692E-02   0.1232E+03   0.3511E+01   0.1541E+01
   210   0.4180E+01   0.5214E-04   0.7634E-04   0.3456E-02   0.1320E+03   0.3527E+01   0.1555E+01
   211   0.4200E+01   0.4858E-04   0.7230E-04   0.3234E-02   0.1414E+03   0.3544E+01   0.1570E+01
   212   0.4220E+01   0.4525E-04   0.6846E-04   0.3025E-02   0.1516E+03   0.3560E+01   0.1585E+01
   213   0.4240E+01   0.4214E-04   0.6483E-04   0.2829E-02   0.1626E+03   0.3577E+01   0.1599E+01
   214   0.4260E+01   0.3922E-04   0.6139E-04   0.2644E-02   0.1745E+03   0.3593E+01   0.1614E+01
   215   0.4280E+01   0.3649E-04   0.5814E-04   0.2471E-02   0.1873E+03   0.3610E+01   0.1629E+01
   216   0.4300E+01   0.3395E-04   0.5506E-04   0.2308E-02   0.2012E+03   0.3627E+01   0.1644E+01
   217   0.4320E+01   0.3157E-04   0.5214E-04   0.2155E-02   0.2161E+03   0.3643E+01   0.1659E+01
   218   0.4340E+01   0.2934E-04   0.4937E-04   0.2011E-02   0.2323E+03   0.3660E+01   0.1674E+01
   219   0.4360E+01   0.2727E-04   0.4676E-04   0.1877E-02   0.2497E+03   0.3677E+01   0.1690E+01
   220   0.4380E+01   0.2533E-04   0.4428E-04   0.1751E-02   0.2686E+03   0.3693E+01   0.1705E+01
   221   0.4400E+01   0.2352E-04   0.4193E-04   0.1632E-02   0.2891E+03   0.3710E+01   0.1721E+01
   222   0.4420E+01   0.2184E-04   0.3971E-04   0.1522E-02   0.3112E+03   0.3727E+01   0.1736E+01
   223   0.4440E+01   0.2026E-04   0.3760E-04   0.1418E-02   0.3351E+03   0.3743E+01   0.1752E+01
   224   0.4460E+01   0.1880E-04   0.3561E-04   0.1321E-02   0.3610E+03   0.3760E+01   0.1767E+01
   225   0.4480E+01   0.1743E-04   0.3372E-04   0.1230E-02   0.3890E+03   0.3777E+01   0.1783E+01
   226   0.4500E+01   0.1616E-04   0.3193E-04   0.1145E-02   0.4194E+03   0.3794E+01   0.1799E+01
   227   0.4520E+01   0.1498E-04   0.3024E-04   0.1065E-02   0.4523E+03   0.3810E+01   0.1815E+01
   228   0.4540E+01   0.1388E-04   0.2863E-04   0.9908E-03   0.4880E+03   0.3827E+01   0.1831E+01
   229   0.4560E+01   0.1285E-04   0.2712E-04   0.9213E-03   0.5266E+03   0.3844E+01   0.1847E+01
   230   0.4580E+01   0.1190E-04   0.2568E-04   0.8563E-03   0.5686E+03   0.3861E+01   0.1863E+01
   231   0.4600E+01   0.1101E-04   0.2432E-04   0.7957E-03   0.6141E+03   0.3878E+01   0.1879E+01
   232   0.4620E+01   0.1019E-04   0.2303E-04   0.7391E-03   0.6635E+03   0.3894E+01   0.1896E+01
   233   0.4640E+01   0.9426E-05   0.2181E-04   0.6863E-03   0.7172E+03   0.3911E+01   0.1912E+01
   234   0.4660E+01   0.8715E-05   0.2065E-04   0.6370E-03   0.7755E+03   0.3928E+01   0.1929E+01
   235   0.4680E+01   0.8055E-05   0.1956E-04   0.5911E-03   0.8387E+03   0.3945E+01   0.1945E+01
   236   0.4700E+01   0.7443E-05   0.1852E-04   0.5483E-03   0.9075E+03   0.3961E+01   0.1962E+01
   237   0.4720E+01   0.6875E-05   0.1754E-04   0.5084E-03   0.9823E+03   0.3978E+01   0.1978E+01
   238   0.4740E+01   0.6348E-05   0.1661E-04   0.4712E-03   0.1064E+04   0.3995E+01   0.1995E+01
   239   0.4760E+01   0.5859E-05   0.1573E-04   0.4366E-03   0.1152E+04   0.4012E+01   0.2012E+01
   240   0.4780E+01   0.5407E-05   0.1489E-04   0.4044E-03   0.1248E+04   0.4029E+01   0.2029E+01
   241   0.4800E+01   0.4987E-05   0.1410E-04   0.3745E-03   0.1353E+04   0.4046E+01   0.2046E+01
   242   0.4820E+01   0.4599E-05   0.1336E-04   0.3466E-03   0.1467E+04   0.4062E+01   0.2063E+01
   243   0.4840E+01   0.4239E-05   0.1265E-04   0.3207E-03   0.1591E+04   0.4079E+01   0.2080E+01
   244   0.4860E+01   0.3907E-05   0.1198E-04   0.2967E-03   0.1727E+04   0.4096E+01   0.2097E+01
   245   0.4880E+01   0.3599E-05   0.1134E-04   0.2743E-03   0.1874E+04   0.4113E+01   0.2114E+01
   246   0.4900E+01   0.3314E-05   0.1074E-04   0.2536E-03   0.2035E+04   0.4130E+01   0.2132E+01
   247   0.4920E+01   0.3051E-05   0.1017E-04   0.2343E-03   0.2210E+04   0.4147E+01   0.2149E+01
   248   0.4940E+01   0.2807E-05   0.9632E-05   0.2164E-03   0.2402E+04   0.4163E+01   0.2167E+01
   249   0.4960E+01   0.2583E-05   0.9121E-05   0.1998E-03   0.2610E+04   0.4180E+01   0.2184E+01
   250   0.4980E+01   0.2375E-05   0.8637E-05   0.1845E-03   0.2838E+04   0.4197E+01   0.2202E+01
   251   0.5000E+01   0.2184E-05   0.8179E-05   0.1702E-03   0.3087E+04   0.4214E+01   0.2220E+01
   252   0.5020E+01   0.2007E-05   0.7746E-05   0.1570E-03   0.3359E+04   0.4231E+01   0.2237E+01
   253   0.5040E+01   0.1844E-05   0.7335E-05   0.1448E-03   0.3656E+04   0.4248E+01   0.2255E+01
   254   0.5060E+01   0.1693E-05   0.6946E-05   0.1334E-03   0.3980E+04   0.4264E+01   0.2273E+01
   255   0.5080E+01   0.1554E-05   0.6578E-05   0.1229E-03   0.4335E+04   0.4281E+01   0.2291E+01
   256   0.5100E+01   0.1427E-05   0.6229E-05   0.1132E-03   0.4723E+04   0.4298E+01   0.2309E+01
   257   0.5120E+01   0.1309E-05   0.5899E-05   0.1043E-03   0.5148E+04   0.4315E+01   0.2327E+01
   258   0.5140E+01   0.1201E-05   0.5586E-05   0.9598E-04   0.5613E+04   0.4332E+01   0.2346E+01
   259   0.5160E+01   0.1101E-05   0.5290E-05   0.8831E-04   0.6121E+04   0.4349E+01   0.2364E+01
   260   0.5180E+01   0.1009E-05   0.5009E-05   0.8123E-04   0.6679E+04   0.4366E+01   0.2382E+01
   261   0.5200E+01   0.9243E-06   0.4744E-05   0.7469E-04   0.7289E+04   0.4382E+01   0.2401E+01
   262   0.5220E+01   0.8466E-06   0.4492E-05   0.6866E-04   0.7958E+04   0.4399E+01   0.2419E+01
   263   0.5240E+01   0.7752E-06   0.4254E-05   0.6309E-04   0.8691E+04   0.4416E+01   0.2438E+01
   264   0.5260E+01   0.7095E-06   0.4028E-05   0.5795E-04   0.9495E+04   0.4433E+01   0.2456E+01
   265   0.5280E+01   0.6492E-06   0.3815E-05   0.5321E-04   0.1038E+05   0.4450E+01   0.2475E+01
   266   0.5300E+01   0.5939E-06   0.3613E-05   0.4884E-04   0.1134E+05   0.4467E+01   0.2494E+01
   267   0.5320E+01   0.5430E-06   0.3421E-05   0.4481E-04   0.1241E+05   0.4483E+01   0.2513E+01
   268   0.5340E+01   0.4964E-06   0.3240E-05   0.4111E-04   0.1357E+05   0.4500E+01   0.2532E+01
   269   0.5360E+01   0.4536E-06   0.3068E-05   0.3769E-04   0.1485E+05   0.4517E+01   0.2551E+01
   270   0.5380E+01   0.4143E-06   0.2905E-05   0.3455E-04   0.1626E+05   0.4534E+01   0.2570E+01
   271   0.5400E+01   0.3783E-06   0.2751E-05   0.3166E-04   0.1781E+05   0.4551E+01   0.2589E+01
   272   0.5420E+01   0.3454E-06   0.2605E-05   0.2900E-04   0.1950E+05   0.4568E+01   0.2608E+01
   273   0.5440E+01   0.3151E-06   0.2467E-05   0.2655E-04   0.2137E+05   0.4585E+01   0.2627E+01
   274   0.5460E+01   0.2875E-06   0.2336E-05   0.2430E-04   0.2343E+05   0.4601E+01   0.2647E+01
   275   0.5480E+01   0.2622E-06   0.2213E-05   0.2224E-04   0.2569E+05   0.4618E+01   0.2666E+01
   276   0.5500E+01   0.2390E-06   0.2095E-05   0.2034E-04   0.2818E+05   0.4635E+01   0.2686E+01
   277   0.5520E+01   0.2178E-06   0.1984E-05   0.1860E-04   0.3093E+05   0.4652E+01   0.2705E+01
   278   0.5540E+01   0.1984E-06   0.1879E-05   0.1700E-04   0.3395E+05   0.4669E+01   0.2725E+01
   279   0.5560E+01   0.1807E-06   0.1779E-05   0.1554E-04   0.3728E+05   0.4686E+01   0.2744E+01
   280   0.5580E+01   0.1645E-06   0.1685E-05   0.1419E-04   0.4095E+05   0.4703E+01   0.2764E+01
   281   0.5600E+01   0.1497E-06   0.1596E-05   0.1296E-04   0.4499E+05   0.4719E+01   0.2784E+01
   282   0.5620E+01   0.1362E-06   0.1511E-05   0.1183E-04   0.4945E+05   0.4736E+01   0.2804E+01
   283   0.5640E+01   0.1239E-06   0.1431E-05   0.1079E-04   0.5437E+05   0.4753E+01   0.2824E+01
   284   0.5660E+01   0.1126E-06   0.1355E-05   0.9845E-05   0.5981E+05   0.4770E+01   0.2844E+01
   285   0.5680E+01   0.1024E-06   0.1283E-05   0.8977E-05   0.6580E+05   0.4787E+01   0.2864E+01
   286   0.5700E+01   0.9300E-07   0.1215E-05   0.8183E-05   0.7243E+05   0.4804E+01   0.2884E+01
   287   0.5720E+01   0.8446E-07   0.1151E-05   0.7457E-05   0.7974E+05   0.4821E+01   0.2905E+01
   288   0.5740E+01   0.7669E-07   0.1090E-05   0.6792E-05   0.8783E+05   0.4837E+01   0.2925E+01
   289   0.5760E+01   0.6960E-07   0.1032E-05   0.6185E-05   0.9677E+05   0.4854E+01   0.2945E+01
   290   0.5780E+01   0.6315E-07   0.9772E-06   0.5630E-05   0.1067E+06   0.4871E+01   0.2966E+01
   291   0.5800E+01   0.5728E-07   0.9254E-06   0.5123E-05   0.1176E+06   0.4888E+01   0.2987E+01
   292   0.5820E+01   0.5194E-07   0.8763E-06   0.4660E-05   0.1297E+06   0.4905E+01   0.3007E+01
   293   0.5840E+01   0.4708E-07   0.8299E-06   0.4238E-05   0.1431E+06   0.4922E+01   0.3028E+01
   294   0.5860E+01   0.4266E-07   0.7859E-06   0.3852E-05   0.1579E+06   0.4939E+01   0.3049E+01
   295   0.5880E+01   0.3864E-07   0.7442E-06   0.3500E-05   0.1743E+06   0.4955E+01   0.3069E+01
   296   0.5900E+01   0.3499E-07   0.7047E-06   0.3180E-05   0.1925E+06   0.4972E+01   0.3090E+01
   297   0.5920E+01   0.3167E-07   0.6674E-06   0.2887E-05   0.2127E+06   0.4989E+01   0.3111E+01
   298   0.5940E+01   0.2866E-07   0.6320E-06   0.2621E-05   0.2350E+06   0.5006E+01   0.3132E+01
   299   0.5960E+01   0.2592E-07   0.5985E-06   0.2378E-05   0.2598E+06   0.5023E+01   0.3154E+01
   300   0.5980E+01   0.2344E-07   0.5668E-06   0.2157E-05   0.2873E+06   0.5040E+01   0.3175E+01
   301   0.6000E+01   0.2119E-07   0.5367E-06   0.1956E-05   0.3179E+06   0.5057E+01   0.3196E+01
   302   0.6020E+01   0.1915E-07   0.5082E-06   0.1773E-05   0.3517E+06   0.5073E+01   0.3217E+01
   303   0.6040E+01   0.1730E-07   0.4813E-06   0.1607E-05   0.3894E+06   0.5090E+01   0.3239E+01
   304   0.6060E+01   0.1562E-07   0.4558E-06   0.1456E-05   0.4312E+06   0.5107E+01   0.3260E+01
   305   0.6080E+01   0.1410E-07   0.4316E-06   0.1318E-05   0.4776E+06   0.5124E+01   0.3282E+01
   306   0.6100E+01   0.1273E-07   0.4087E-06   0.1193E-05   0.5292E+06   0.5141E+01   0.3303E+01
   307   0.6120E+01   0.1148E-07   0.3871E-06   0.1080E-05   0.5867E+06   0.5158E+01   0.3325E+01
   308   0.6140E+01   0.1035E-07   0.3665E-06   0.9769E-06   0.6505E+06   0.5174E+01   0.3347E+01
   309   0.6160E+01   0.9334E-08   0.3471E-06   0.8834E-06   0.7216E+06   0.5191E+01   0.3369E+01
   310   0.6180E+01   0.8412E-08   0.3287E-06   0.7986E-06   0.8006E+06   0.5208E+01   0.3391E+01
   311   0.6200E+01   0.7579E-08   0.3113E-06   0.7217E-06   0.8887E+06   0.5225E+01   0.3413E+01
   312   0.6220E+01   0.6826E-08   0.2948E-06   0.6519E-06   0.9868E+06   0.5242E+01   0.3435E+01
   313   0.6240E+01   0.6145E-08   0.2791E-06   0.5887E-06   0.1096E+07   0.5259E+01   0.3457E+01
   314   0.6260E+01   0.5531E-08   0.2643E-06   0.5315E-06   0.1218E+07   0.5276E+01   0.3479E+01
   315   0.6280E+01   0.4976E-08   0.2503E-06   0.4796E-06   0.1354E+07   0.5292E+01   0.3501E+01
   316   0.6300E+01   0.4476E-08   0.2370E-06   0.4327E-06   0.1505E+07   0.5309E+01   0.3524E+01
   317   0.6320E+01   0.4024E-08   0.2245E-06   0.3902E-06   0.1674E+07   0.5326E+01   0.3546E+01
   318   0.6340E+01   0.3617E-08   0.2126E-06   0.3517E-06   0.1862E+07   0.5343E+01   0.3569E+01
   319   0.6360E+01   0.3250E-08   0.2013E-06   0.3170E-06   0.2073E+07   0.5360E+01   0.3591E+01
   320   0.6380E+01   0.2919E-08   0.1906E-06   0.2856E-06   0.2307E+07   0.5377E+01   0.3614E+01
   321   0.6400E+01   0.2621E-08   0.1805E-06   0.2572E-06   0.2570E+07   0.5394E+01   0.3636E+01
   322   0.6420E+01   0.2352E-08   0.1710E-06   0.2315E-06   0.2863E+07   0.5410E+01   0.3659E+01
   323   0.6440E+01   0.2111E-08   0.1619E-06   0.2083E-06   0.3191E+07   0.5427E+01   0.3682E+01
   324   0.6460E+01   0.1893E-08   0.1533E-06   0.1874E-06   0.3557E+07   0.5444E+01   0.3705E+01
   325   0.6480E+01   0.1698E-08   0.1452E-06   0.1686E-06   0.3967E+07   0.5461E+01   0.3728E+01
   326   0.6500E+01   0.1522E-08   0.1375E-06   0.1515E-06   0.4426E+07   0.5478E+01   0.3751E+01
   327   0.6520E+01   0.1364E-08   0.1302E-06   0.1362E-06   0.4939E+07   0.5495E+01   0.3774E+01
   328   0.6540E+01   0.1222E-08   0.1233E-06   0.1223E-06   0.5514E+07   0.5512E+01   0.3797E+01
   329   0.6560E+01   0.1094E-08   0.1168E-06   0.1099E-06   0.6157E+07   0.5528E+01   0.3820E+01
   330   0.6580E+01   0.9792E-09   0.1106E-06   0.9864E-07   0.6878E+07   0.5545E+01   0.3844E+01
   331   0.6600E+01   0.8763E-09   0.1047E-06   0.8853E-07   0.7686E+07   0.5562E+01   0.3867E+01
   332   0.6620E+01   0.7839E-09   0.9915E-07   0.7942E-07   0.8592E+07   0.5579E+01   0.3891E+01
   333   0.6640E+01   0.7010E-09   0.9389E-07   0.7123E-07   0.9608E+07   0.5596E+01   0.3914E+01
   334   0.6660E+01   0.6267E-09   0.8891E-07   0.6386E-07   0.1075E+08   0.5613E+01   0.3938E+01
   335   0.6680E+01   0.5600E-09   0.8420E-07   0.5723E-07   0.1203E+08   0.5630E+01   0.3962E+01
   336   0.6700E+01   0.5003E-09   0.7973E-07   0.5127E-07   0.1346E+08   0.5646E+01   0.3985E+01
   337   0.6720E+01   0.4468E-09   0.7551E-07   0.4592E-07   0.1507E+08   0.5663E+01   0.4009E+01
   338   0.6740E+01   0.3989E-09   0.7150E-07   0.4111E-07   0.1688E+08   0.5680E+01   0.4033E+01
   339   0.6760E+01   0.3560E-09   0.6771E-07   0.3679E-07   0.1892E+08   0.5697E+01   0.4057E+01
   340   0.6780E+01   0.3176E-09   0.6412E-07   0.3292E-07   0.2121E+08   0.5714E+01   0.4081E+01
   341   0.6800E+01   0.2833E-09   0.6072E-07   0.2944E-07   0.2378E+08   0.5731E+01   0.4105E+01
   342   0.6820E+01   0.2526E-09   0.5750E-07   0.2632E-07   0.2667E+08   0.5748E+01   0.4129E+01
   343   0.6840E+01   0.2251E-09   0.5445E-07   0.2353E-07   0.2992E+08   0.5764E+01   0.4154E+01
   344   0.6860E+01   0.2005E-09   0.5157E-07   0.2102E-07   0.3359E+08   0.5781E+01   0.4178E+01
   345   0.6880E+01   0.1786E-09   0.4883E-07   0.1877E-07   0.3771E+08   0.5798E+01   0.4202E+01
   346   0.6900E+01   0.1590E-09   0.4624E-07   0.1676E-07   0.4235E+08   0.5815E+01   0.4227E+01
   347   0.6920E+01   0.1415E-09   0.4379E-07   0.1496E-07   0.4758E+08   0.5832E+01   0.4251E+01
   348   0.6940E+01   0.1259E-09   0.4147E-07   0.1335E-07   0.5348E+08   0.5849E+01   0.4276E+01
   349   0.6960E+01   0.1120E-09   0.3927E-07   0.1190E-07   0.6013E+08   0.5866E+01   0.4301E+01
   350   0.6980E+01   0.9961E-10   0.3719E-07   0.1061E-07   0.6762E+08   0.5882E+01   0.4325E+01
   351   0.7000E+01   0.8854E-10   0.3522E-07   0.9460E-08   0.7608E+08   0.5899E+01   0.4350E+01
   352   0.7020E+01   0.7867E-10   0.3335E-07   0.8429E-08   0.8562E+08   0.5916E+01   0.4375E+01
   353   0.7040E+01   0.6988E-10   0.3158E-07   0.7507E-08   0.9639E+08   0.5933E+01   0.4400E+01
   354   0.7060E+01   0.6205E-10   0.2991E-07   0.6684E-08   0.1085E+09   0.5950E+01   0.4425E+01
   355   0.7080E+01   0.5508E-10   0.2832E-07   0.5949E-08   0.1223E+09   0.5967E+01   0.4450E+01
   356   0.7100E+01   0.4888E-10   0.2682E-07   0.5293E-08   0.1378E+09   0.5984E+01   0.4475E+01
   357   0.7120E+01   0.4336E-10   0.2540E-07   0.4708E-08   0.1554E+09   0.6000E+01   0.4501E+01
   358   0.7140E+01   0.3845E-10   0.2405E-07   0.4186E-08   0.1752E+09   0.6017E+01   0.4526E+01
   359   0.7160E+01   0.3408E-10   0.2278E-07   0.3721E-08   0.1976E+09   0.6034E+01   0.4551E+01
   360   0.7180E+01   0.3020E-10   0.2157E-07   0.3306E-08   0.2230E+09   0.6051E+01   0.4577E+01
   361   0.7200E+01   0.2675E-10   0.2042E-07   0.2937E-08   0.2517E+09   0.6068E+01   0.4602E+01
   362   0.7220E+01   0.2369E-10   0.1934E-07   0.2608E-08   0.2843E+09   0.6085E+01   0.4628E+01
   363   0.7240E+01   0.2097E-10   0.1832E-07   0.2315E-08   0.3211E+09   0.6102E+01   0.4654E+01
   364   0.7260E+01   0.1856E-10   0.1734E-07   0.2054E-08   0.3629E+09   0.6118E+01   0.4679E+01
   365   0.7280E+01   0.1642E-10   0.1643E-07   0.1822E-08   0.4102E+09   0.6135E+01   0.4705E+01
   366   0.7300E+01   0.1452E-10   0.1555E-07   0.1615E-08   0.4638E+09   0.6152E+01   0.4731E+01
   367   0.7320E+01   0.1284E-10   0.1473E-07   0.1432E-08   0.5246E+09   0.6169E+01   0.4757E+01
   368   0.7340E+01   0.1135E-10   0.1395E-07   0.1269E-08   0.5936E+09   0.6186E+01   0.4783E+01
   369   0.7360E+01   0.1002E-10   0.1321E-07   0.1124E-08   0.6719E+09   0.6203E+01   0.4809E+01
   370   0.7380E+01   0.8854E-11   0.1251E-07   0.9951E-09   0.7607E+09   0.6220E+01   0.4835E+01
   371   0.7400E+01   0.7817E-11   0.1185E-07   0.8808E-09   0.8616E+09   0.6236E+01   0.4862E+01
   372   0.7420E+01   0.6899E-11   0.1122E-07   0.7794E-09   0.9763E+09   0.6253E+01   0.4888E+01
   373   0.7440E+01   0.6087E-11   0.1062E-07   0.6895E-09   0.1107E+10   0.6270E+01   0.4914E+01
   374   0.7460E+01   0.5369E-11   0.1006E-07   0.6097E-09   0.1255E+10   0.6287E+01   0.4941E+01
   375   0.7480E+01   0.4734E-11   0.9526E-08   0.5389E-09   0.1423E+10   0.6304E+01   0.4967E+01
   376   0.7500E+01   0.4172E-11   0.9021E-08   0.4762E-09   0.1614E+10   0.6321E+01   0.4994E+01
   377   0.7520E+01   0.3676E-11   0.8543E-08   0.4207E-09   0.1832E+10   0.6337E+01   0.5020E+01
   378   0.7540E+01   0.3238E-11   0.8090E-08   0.3715E-09   0.2080E+10   0.6354E+01   0.5047E+01
   379   0.7560E+01   0.2851E-11   0.7661E-08   0.3279E-09   0.2362E+10   0.6371E+01   0.5074E+01
   380   0.7580E+01   0.2509E-11   0.7255E-08   0.2894E-09   0.2684E+10   0.6388E+01   0.5101E+01
   381   0.7600E+01   0.2208E-11   0.6870E-08   0.2553E-09   0.3050E+10   0.6405E+01   0.5128E+01
   382   0.7620E+01   0.1942E-11   0.6506E-08   0.2251E-09   0.3468E+10   0.6422E+01   0.5155E+01
   383   0.7640E+01   0.1708E-11   0.6161E-08   0.1984E-09   0.3944E+10   0.6439E+01   0.5182E+01
   384   0.7660E+01   0.1501E-11   0.5834E-08   0.1749E-09   0.4486E+10   0.6455E+01   0.5209E+01
   385   0.7680E+01   0.1319E-11   0.5525E-08   0.1541E-09   0.5105E+10   0.6472E+01   0.5236E+01
   386   0.7700E+01   0.1159E-11   0.5232E-08   0.1357E-09   0.5812E+10   0.6489E+01   0.5264E+01
   387   0.7720E+01   0.1018E-11   0.4954E-08   0.1194E-09   0.6619E+10   0.6506E+01   0.5291E+01
   388   0.7740E+01   0.8933E-12   0.4692E-08   0.1051E-09   0.7540E+10   0.6523E+01   0.5319E+01
   389   0.7760E+01   0.7839E-12   0.4443E-08   0.9246E-10   0.8592E+10   0.6540E+01   0.5346E+01
   390   0.7780E+01   0.6877E-12   0.4207E-08   0.8132E-10   0.9794E+10   0.6557E+01   0.5374E+01
   391   0.7800E+01   0.6031E-12   0.3984E-08   0.7149E-10   0.1117E+11   0.6573E+01   0.5401E+01
   392   0.7820E+01   0.5287E-12   0.3773E-08   0.6282E-10   0.1274E+11   0.6590E+01   0.5429E+01
   393   0.7840E+01   0.4633E-12   0.3573E-08   0.5519E-10   0.1454E+11   0.6607E+01   0.5457E+01
   394   0.7860E+01   0.4059E-12   0.3384E-08   0.4847E-10   0.1659E+11   0.6624E+01   0.5485E+01
   395   0.7880E+01   0.3555E-12   0.3204E-08   0.4255E-10   0.1895E+11   0.6641E+01   0.5513E+01
   396   0.7900E+01   0.3112E-12   0.3034E-08   0.3735E-10   0.2164E+11   0.6658E+01   0.5541E+01
   397   0.7920E+01   0.2724E-12   0.2873E-08   0.3276E-10   0.2473E+11   0.6675E+01   0.5569E+01
   398   0.7940E+01   0.2383E-12   0.2721E-08   0.2873E-10   0.2826E+11   0.6691E+01   0.5597E+01
   399   0.7960E+01   0.2084E-12   0.2577E-08   0.2519E-10   0.3232E+11   0.6708E+01   0.5625E+01
   400   0.7980E+01   0.1822E-12   0.2440E-08   0.2208E-10   0.3696E+11   0.6725E+01   0.5653E+01
   401   0.8000E+01   0.1593E-12   0.2311E-08   0.1934E-10   0.4229E+11   0.6742E+01   0.5682E+01
   402   0.8020E+01   0.1391E-12   0.2188E-08   0.1694E-10   0.4841E+11   0.6759E+01   0.5710E+01
   403   0.8040E+01   0.1215E-12   0.2072E-08   0.1483E-10   0.5542E+11   0.6776E+01   0.5739E+01
   404   0.8060E+01   0.1061E-12   0.1962E-08   0.1298E-10   0.6348E+11   0.6793E+01   0.5767E+01
   405   0.8080E+01   0.9262E-13   0.1858E-08   0.1136E-10   0.7272E+11   0.6809E+01   0.5796E+01
   406   0.8100E+01   0.8081E-13   0.1760E-08   0.9934E-11   0.8335E+11   0.6826E+01   0.5825E+01
   407   0.8120E+01   0.7049E-13   0.1666E-08   0.8685E-11   0.9556E+11   0.6843E+01   0.5854E+01
   408   0.8140E+01   0.6146E-13   0.1578E-08   0.7591E-11   0.1096E+12   0.6860E+01   0.5882E+01
   409   0.8160E+01   0.5357E-13   0.1494E-08   0.6632E-11   0.1257E+12   0.6877E+01   0.5911E+01
   410   0.8180E+01   0.4668E-13   0.1415E-08   0.5793E-11   0.1443E+12   0.6894E+01   0.5940E+01
   411   0.8200E+01   0.4066E-13   0.1340E-08   0.5058E-11   0.1656E+12   0.6911E+01   0.5969E+01
   412   0.8220E+01   0.3541E-13   0.1269E-08   0.4415E-11   0.1902E+12   0.6927E+01   0.5999E+01
   413   0.8240E+01   0.3082E-13   0.1202E-08   0.3852E-11   0.2185E+12   0.6944E+01   0.6028E+01
   414   0.8260E+01   0.2682E-13   0.1138E-08   0.3360E-11   0.2511E+12   0.6961E+01   0.6057E+01
   415   0.8280E+01   0.2333E-13   0.1078E-08   0.2929E-11   0.2887E+12   0.6978E+01   0.6087E+01
   416   0.8300E+01   0.2029E-13   0.1021E-08   0.2553E-11   0.3320E+12   0.6995E+01   0.6116E+01
   417   0.8320E+01   0.1764E-13   0.9665E-09   0.2225E-11   0.3819E+12   0.7012E+01   0.6145E+01
   418   0.8340E+01   0.1533E-13   0.9153E-09   0.1938E-11   0.4395E+12   0.7029E+01   0.6175E+01
   419   0.8360E+01   0.1331E-13   0.8667E-09   0.1687E-11   0.5059E+12   0.7045E+01   0.6205E+01
   420   0.8380E+01   0.1156E-13   0.8208E-09   0.1469E-11   0.5826E+12   0.7062E+01   0.6234E+01
   421   0.8400E+01   0.1004E-13   0.7773E-09   0.1278E-11   0.6710E+12   0.7079E+01   0.6264E+01
   422   0.8420E+01   0.8711E-14   0.7360E-09   0.1112E-11   0.7732E+12   0.7096E+01   0.6294E+01
   423   0.8440E+01   0.7557E-14   0.6970E-09   0.9666E-12   0.8913E+12   0.7113E+01   0.6324E+01
   424   0.8460E+01   0.6554E-14   0.6601E-09   0.8402E-12   0.1028E+13   0.7130E+01   0.6354E+01
   425   0.8480E+01   0.5682E-14   0.6251E-09   0.7301E-12   0.1185E+13   0.7147E+01   0.6384E+01
   426   0.8500E+01   0.4924E-14   0.5919E-09   0.6342E-12   0.1368E+13   0.7163E+01   0.6414E+01
   427   0.8520E+01   0.4266E-14   0.5605E-09   0.5507E-12   0.1579E+13   0.7180E+01   0.6444E+01
   428   0.8540E+01   0.3695E-14   0.5308E-09   0.4781E-12   0.1823E+13   0.7197E+01   0.6475E+01
   429   0.8560E+01   0.3199E-14   0.5027E-09   0.4148E-12   0.2105E+13   0.7214E+01   0.6505E+01
   430   0.8580E+01   0.2769E-14   0.4760E-09   0.3599E-12   0.2433E+13   0.7231E+01   0.6536E+01
   431   0.8600E+01   0.2396E-14   0.4508E-09   0.3120E-12   0.2812E+13   0.7248E+01   0.6566E+01
   432   0.8620E+01   0.2072E-14   0.4269E-09   0.2705E-12   0.3251E+13   0.7265E+01   0.6597E+01
   433   0.8640E+01   0.1791E-14   0.4042E-09   0.2344E-12   0.3760E+13   0.7281E+01   0.6627E+01
   434   0.8660E+01   0.1548E-14   0.3828E-09   0.2031E-12   0.4350E+13   0.7298E+01   0.6658E+01
   435   0.8680E+01   0.1338E-14   0.3625E-09   0.1758E-12   0.5034E+13   0.7315E+01   0.6689E+01
   436   0.8700E+01   0.1156E-14   0.3433E-09   0.1522E-12   0.5828E+13   0.7332E+01   0.6720E+01
   437   0.8720E+01   0.9978E-15   0.3251E-09   0.1317E-12   0.6750E+13   0.7349E+01   0.6751E+01
   438   0.8740E+01   0.8613E-15   0.3079E-09   0.1140E-12   0.7820E+13   0.7366E+01   0.6782E+01
   439   0.8760E+01   0.7432E-15   0.2915E-09   0.9856E-13   0.9063E+13   0.7383E+01   0.6813E+01
   440   0.8780E+01   0.6411E-15   0.2761E-09   0.8520E-13   0.1051E+14   0.7399E+01   0.6844E+01
   441   0.8800E+01   0.5528E-15   0.2614E-09   0.7363E-13   0.1218E+14   0.7416E+01   0.6875E+01
   442   0.8820E+01   0.4765E-15   0.2476E-09   0.6361E-13   0.1413E+14   0.7433E+01   0.6906E+01
   443   0.8840E+01   0.4106E-15   0.2344E-09   0.5494E-13   0.1640E+14   0.7450E+01   0.6938E+01
   444   0.8860E+01   0.3537E-15   0.2220E-09   0.4743E-13   0.1904E+14   0.7467E+01   0.6969E+01
   445   0.8880E+01   0.3046E-15   0.2102E-09   0.4093E-13   0.2211E+14   0.7484E+01   0.7001E+01
   446   0.8900E+01   0.2622E-15   0.1991E-09   0.3531E-13   0.2569E+14   0.7500E+01   0.7032E+01
   447   0.8920E+01   0.2256E-15   0.1885E-09   0.3045E-13   0.2985E+14   0.7517E+01   0.7064E+01
   448   0.8940E+01   0.1941E-15   0.1785E-09   0.2626E-13   0.3470E+14   0.7534E+01   0.7096E+01
   449   0.8960E+01   0.1669E-15   0.1691E-09   0.2263E-13   0.4035E+14   0.7551E+01   0.7127E+01
   450   0.8980E+01   0.1435E-15   0.1601E-09   0.1950E-13   0.4693E+14   0.7568E+01   0.7159E+01
   451   0.9000E+01   0.1233E-15   0.1516E-09   0.1679E-13   0.5461E+14   0.7585E+01   0.7191E+01
