! Basis = aug-cc-pVTZ
! BORON       (11s,6p,3d,2f) -> [5s,4p,3d,2f]
! BORON       (10s,5p,2d,1f)->[4s,3p,2d,1f]
! BORON       (1s,1p,1d,1f)
! s functions
F  11    5
   5473.0000000   0.0005550  -0.0001120   0.0000000   0.0000000   0.0000000        
    820.9000000   0.0042910  -0.0008680   0.0000000   0.0000000   0.0000000        
    186.8000000   0.0219490  -0.0044840   0.0000000   0.0000000   0.0000000        
     52.8300000   0.0844410  -0.0176830   0.0000000   0.0000000   0.0000000        
     17.0800000   0.2385570  -0.0536390   0.0000000   0.0000000   0.0000000        
      5.9990000   0.4350720  -0.1190050   0.0000000   0.0000000   0.0000000        
      2.2080000   0.3419550  -0.1658240   0.0000000   0.0000000   0.0000000        
      0.5879000   0.0368560   0.1201070   1.0000000   0.0000000   0.0000000        
      0.2415000  -0.0095450   0.5959810   0.0000000   0.0000000   0.0000000        
      0.0861000   0.0023680   0.4110210   0.0000000   1.0000000   0.0000000        
      0.0291400   0.0000000   0.0000000   0.0000000   0.0000000   1.0000000        
! p functions
F   6    4
     12.0500000   0.0131180   0.0000000   0.0000000   0.0000000        
      2.6130000   0.0798960   0.0000000   0.0000000   0.0000000        
      0.7475000   0.2772750   0.0000000   0.0000000   0.0000000        
      0.2385000   0.5042700   1.0000000   0.0000000   0.0000000        
      0.0769800   0.3536800   0.0000000   1.0000000   0.0000000        
      0.0209600   0.0000000   0.0000000   0.0000000   1.0000000        
