! BROMINE       (21s,14p,10d,2f) -> [7s,6p,4d,2f]
! BROMINE       (20s,13p,9d,1f) -> [6s,5p,3d,1f]
! BROMINE       (1s,1p,1d,1f)
! s functions
H  21    7
 10639000.0000000000      0.000005900000     -0.000001900000      0.000000700000
                         -0.000000200000      0.000000000000      0.000000000000
                          0.000000000000
  1593400.0000000000      0.000046100000     -0.000014500000      0.000005700000
                         -0.000001800000      0.000000000000      0.000000000000
                          0.000000000000
   362610.0000000000      0.000242200000     -0.000076100000      0.000030300000
                         -0.000009300000      0.000000000000      0.000000000000
                          0.000000000000
   102700.0000000000      0.001022600000     -0.000321000000      0.000127500000
                         -0.000039100000      0.000000000000      0.000000000000
                          0.000000000000
    33501.0000000000      0.003711300000     -0.001170900000      0.000465900000
                         -0.000142800000      0.000000000000      0.000000000000
                          0.000000000000
    12093.0000000000      0.011978500000     -0.003796800000      0.001509600000
                         -0.000462800000      0.000000000000      0.000000000000
                          0.000000000000
     4715.9000000000      0.034692700000     -0.011230700000      0.004485200000
                         -0.001375000000      0.000000000000      0.000000000000
                          0.000000000000
     1955.6000000000      0.089123900000     -0.029927700000      0.011983500000
                         -0.003678400000      0.000000000000      0.000000000000
                          0.000000000000
      852.6100000000      0.193455700000     -0.071270600000      0.028957100000
                         -0.008898100000      0.000000000000      0.000000000000
                          0.000000000000
      387.6700000000      0.320901900000     -0.140313600000      0.058156600000
                         -0.017952900000      0.000000000000      0.000000000000
                          0.000000000000
      182.6800000000      0.329923300000     -0.203076300000      0.088813300000
                         -0.027573200000      0.000000000000      0.000000000000
                          0.000000000000
       88.2450000000      0.149412100000     -0.096098500000      0.044524400000
                         -0.014095300000      0.000000000000      0.000000000000
                          0.000000000000
       39.2630000000      0.014993800000      0.355808600000     -0.206038700000
                          0.067256100000      0.000000000000      0.000000000000
                          0.000000000000
       19.2340000000     -0.000916500000      0.592179200000     -0.512701700000
                          0.176692800000      0.000000000000      0.000000000000
                          0.000000000000
        9.4057000000      0.000438000000      0.221597700000     -0.150934900000
                          0.052886100000      0.000000000000      0.000000000000
                          0.000000000000
        4.1601000000     -0.000239800000      0.013764800000      0.678920300000
                         -0.307595500000      0.000000000000      0.000000000000
                          0.000000000000
        1.8995000000      0.000073600000      0.000839500000      0.581769700000
                         -0.470065800000      0.000000000000      0.000000000000
                          0.000000000000
        0.6047200000      0.000000000000      0.000000000000      0.000000000000
                          0.000000000000      1.000000000000      0.000000000000
                          0.000000000000
        0.3011400000      0.000023900000     -0.000008500000     -0.011182500000
                          0.698034100000      0.000000000000      0.000000000000
                          0.000000000000
        0.1251500000      0.000000000000      0.000000000000      0.000000000000
                          0.000000000000      0.000000000000      1.000000000000
                          0.000000000000
        0.0455930000      0.000000000000      0.000000000000      0.000000000000
                          0.000000000000      0.000000000000      0.000000000000
                          1.000000000000
! p functions
H  14    6
     8676.5000000000      0.000435700000     -0.000174800000      0.000045100000
                          0.000000000000      0.000000000000      0.000000000000
     2055.9000000000      0.003781500000     -0.001526300000      0.000396400000
                          0.000000000000      0.000000000000      0.000000000000
      666.2300000000      0.020478200000     -0.008339900000      0.002155500000
                          0.000000000000      0.000000000000      0.000000000000
      253.1000000000      0.079283400000     -0.033220300000      0.008672000000
                          0.000000000000      0.000000000000      0.000000000000
      106.1200000000      0.217847300000     -0.095418000000      0.024868000000
                          0.000000000000      0.000000000000      0.000000000000
       47.2420000000      0.387858500000     -0.182402600000      0.048547200000
                          0.000000000000      0.000000000000      0.000000000000
       21.8250000000      0.359435000000     -0.155830800000      0.039615600000
                          0.000000000000      0.000000000000      0.000000000000
        9.9684000000      0.112199500000      0.186789900000     -0.060574900000
                          0.000000000000      0.000000000000      0.000000000000
        4.5171000000      0.004387400000      0.542773300000     -0.187169900000
                          0.000000000000      0.000000000000      0.000000000000
        1.9982000000      0.001780900000      0.387330900000     -0.137775700000
                          0.000000000000      0.000000000000      0.000000000000
        0.7098800000      0.000000000000      0.000000000000      0.000000000000
                          1.000000000000      0.000000000000      0.000000000000
        0.2814500000      0.000212200000     -0.004378400000      0.576089600000
                          0.000000000000      0.000000000000      0.000000000000
        0.1020400000      0.000000000000      0.000000000000      0.000000000000
                          0.000000000000      1.000000000000      0.000000000000
        0.0351420000      0.000000000000      0.000000000000      0.000000000000
                          0.000000000000      0.000000000000      1.000000000000
