! Basis = aug-cc-pVTZ
! CHLORINE       (16s,10p,3d,2f) -> [6s,5p,3d,2f]
! CHLORINE       (15s,9p,2d,1f) -> [5s,4p,2d,1f]
! CHLORINE       (1s,1p,1d,1f)
! s functions
H  16    6
   456100.0000000000      0.000049297000     -0.000013830400      0.000004185460
                          0.000000000000      0.000000000000      0.000000000000
    68330.0000000000      0.000383029000     -0.000107279000      0.000032439500
                          0.000000000000      0.000000000000      0.000000000000
    15550.0000000000      0.002008540000     -0.000565083000      0.000171105000
                          0.000000000000      0.000000000000      0.000000000000
     4405.0000000000      0.008385580000     -0.002361350000      0.000714176000
                          0.000000000000      0.000000000000      0.000000000000
     1439.0000000000      0.029470300000     -0.008458860000      0.002567050000
                          0.000000000000      0.000000000000      0.000000000000
      520.4000000000      0.087832500000     -0.025963800000      0.007885520000
                          0.000000000000      0.000000000000      0.000000000000
      203.1000000000      0.211473000000     -0.068636200000      0.021086700000
                          0.000000000000      0.000000000000      0.000000000000
       83.9600000000      0.365364000000     -0.141874000000      0.044226400000
                          0.000000000000      0.000000000000      0.000000000000
       36.2000000000      0.340884000000     -0.199319000000      0.065167000000
                          0.000000000000      0.000000000000      0.000000000000
       15.8300000000      0.102133000000     -0.019566200000      0.006030120000
                          0.000000000000      0.000000000000      0.000000000000
        6.3340000000      0.003116750000      0.499741000000     -0.206495000000
                          0.000000000000      0.000000000000      0.000000000000
        2.6940000000      0.001057510000      0.563736000000     -0.405871000000
                          0.000000000000      0.000000000000      0.000000000000
        0.9768000000      0.000000000000      0.000000000000      0.000000000000
                          1.000000000000      0.000000000000      0.000000000000
        0.4313000000      0.000156136000     -0.008350910000      0.725661000000
                          0.000000000000      0.000000000000      0.000000000000
        0.1625000000      0.000000000000      0.000000000000      0.000000000000
                          0.000000000000      1.000000000000      0.000000000000
        0.0591000000      0.000000000000      0.000000000000      0.000000000000
                          0.000000000000      0.000000000000      1.000000000000
! p functions
H  10    5
      663.3000000000      0.002404480000     -0.000652145000      0.000000000000
                          0.000000000000      0.000000000000
      156.8000000000      0.019214800000     -0.005194450000      0.000000000000
                          0.000000000000      0.000000000000
       49.9800000000      0.088509700000     -0.024693800000      0.000000000000
                          0.000000000000      0.000000000000
       18.4200000000      0.256020000000     -0.072816700000      0.000000000000
                          0.000000000000      0.000000000000
        7.2400000000      0.436927000000     -0.134030000000      0.000000000000
                          0.000000000000      0.000000000000
        2.9220000000      0.350334000000     -0.094774200000      0.000000000000
                          0.000000000000      0.000000000000
        1.0220000000      0.000000000000      0.000000000000      1.000000000000
                          0.000000000000      0.000000000000
        0.3818000000     -0.004584230000      0.564667000000      0.000000000000
                          0.000000000000      0.000000000000
        0.1301000000      0.000000000000      0.000000000000      0.000000000000
                          1.000000000000      0.000000000000
        0.0419000000      0.000000000000      0.000000000000      0.000000000000
                          0.000000000000      1.000000000000
