! Basis = aug-cc-pVTZ
! CHLORINE       (16s,10p,3d,2f) -> [6s,5p,3d,2f]
! CHLORINE       (15s,9p,2d,1f) -> [5s,4p,2d,1f]
! CHLORINE       (1s,1p,1d,1f)
! s functions
F  16    6
 456100.0000000     0.492970D-04 -0.138304D-04  0.418546D-05  0.0  0.0  0.0
  68330.0000000     0.383029D-03 -0.107279D-03  0.324395D-04  0.0  0.0  0.0
  15550.0000000     0.200854D-02 -0.565083D-03  0.171105D-03  0.0  0.0  0.0
   4405.0000000     0.838558D-02 -0.236135D-02  0.714176D-03  0.0  0.0  0.0
   1439.0000000     0.294703D-01 -0.845886D-02  0.256705D-02  0.0  0.0  0.0
    520.4000000     0.878325D-01 -0.259638D-01  0.788552D-02  0.0  0.0  0.0
    203.1000000     0.211473D+00 -0.686362D-01  0.210867D-01  0.0  0.0  0.0
     83.9600000     0.365364D+00 -0.141874D+00  0.442264D-01  0.0  0.0  0.0
     36.2000000     0.340884D+00 -0.199319D+00  0.651670D-01  0.0  0.0  0.0
     15.8300000     0.102133D+00 -0.195662D-01  0.603012D-02  0.0  0.0  0.0
      6.3340000     0.311675D-02  0.499741D+00 -0.206495D+00  0.0  0.0  0.0
      2.6940000     0.105751D-02  0.563736D+00 -0.405871D+00  0.0  0.0  0.0
      0.9768000    -0.378000D-03  0.790325D-01  0.759558D-01  1.0  0.0  0.0
      0.4313000     0.156136D-03 -0.835091D-02  0.725661D+00  0.0  0.0  0.0
      0.1625000    -0.514126D-04  0.232456D-02  0.394423D+00  0.0  1.0  0.0
      0.0591000     0.0000000     0.0000000     0.0000000     0.0  0.0  1.0
! p functions
F  10    5
    663.3000000     0.240448D-02 -0.652145D-03  0.0     0.0     0.0        
    156.8000000     0.192148D-01 -0.519445D-02  0.0     0.0     0.0        
     49.9800000     0.885097D-01 -0.246938D-01  0.0     0.0     0.0        
     18.4200000     0.256020D+00 -0.728167D-01  0.0     0.0     0.0        
      7.2400000     0.436927D+00 -0.134030D+00  0.0     0.0     0.0        
      2.9220000     0.350334D+00 -0.947742D-01  0.0     0.0     0.0        
      1.0220000     0.585495D-01  0.262289D+00  1.0     0.0     0.0        
      0.3818000    -0.458423D-02  0.564667D+00  0.0     0.0     0.0        
      0.1301000     0.226970D-02  0.341250D+00  0.0     1.0     0.0        
      0.0419000     0.0000000     0.0000000     0.0     0.0     1.0        
