!
!  He: aug-cc-pVTZ
!   [4s,3p,2d]                          
!
!
!  S functions
F   7    4
   234.00000   0.002587   0.000000   0.000000   0.000000
    35.16000   0.019533   0.000000   0.000000   0.000000
     7.98900   0.090998   0.000000   0.000000   0.000000
     2.21200   0.272050   0.000000   0.000000   0.000000
     0.66690   0.478065   1.000000   0.000000   0.000000
     0.20890   0.307737   0.000000   1.000000   0.000000
     0.05138   0.000000   0.000000   0.000000   1.000000
!
!  P functions
F   3    3
     3.04400   1.000000   0.000000   0.000000
     0.75800   0.000000   1.000000   0.000000
     0.19930   0.000000   0.000000   1.000000
!
