!
! N: aug-cc-pVTZ
!  [5s,4p,3d,2f]                   
!
!
!  S functions
F  11    5
 11420.00000   0.000523  -0.000115   0.000000   0.000000   0.000000
  1712.00000   0.004045  -0.000895   0.000000   0.000000   0.000000
   389.30000   0.020775  -0.004624   0.000000   0.000000   0.000000
   110.00000   0.080727  -0.018528   0.000000   0.000000   0.000000
    35.57000   0.233074  -0.057339   0.000000   0.000000   0.000000
    12.54000   0.433501  -0.132076   0.000000   0.000000   0.000000
     4.64400   0.347472  -0.172510   0.000000   0.000000   0.000000
     1.29300   0.041262   0.151814   1.000000   0.000000   0.000000
     0.51180  -0.008508   0.599944   0.000000   0.000000   0.000000
     0.17870   0.002384   0.387462   0.000000   1.000000   0.000000
     0.05760   0.000000   0.000000   0.000000   0.000000   1.000000
!
!  P functions
F   6    4
    26.63000   0.014670   0.000000   0.000000   0.000000
     5.94800   0.091764   0.000000   0.000000   0.000000
     1.74200   0.298683   0.000000   0.000000   0.000000
     0.55500   0.498487   1.000000   0.000000   0.000000
     0.17250   0.337023   0.000000   1.000000   0.000000
     0.04910   0.000000   0.000000   0.000000   1.000000
!
