!
! Ne: aug-cc-pVTZ
!  [5s,4p,3d,2f]                   
!
!
!  S functions
F  11    5
 24350.00000   0.000502  -0.000118   0.000000   0.000000   0.000000
  3650.00000   0.003881  -0.000915   0.000000   0.000000   0.000000
   829.60000   0.019997  -0.004737   0.000000   0.000000   0.000000
   234.00000   0.078418  -0.019233   0.000000   0.000000   0.000000
    75.61000   0.229676  -0.060369   0.000000   0.000000   0.000000
    26.73000   0.432722  -0.142508   0.000000   0.000000   0.000000
     9.92700   0.350642  -0.177710   0.000000   0.000000   0.000000
     2.83600   0.043911   0.177352   1.000000   0.000000   0.000000
     1.10200  -0.007645   0.605836   0.000000   0.000000   0.000000
     0.37820   0.002375   0.365109   0.000000   1.000000   0.000000
     0.11330   0.000000   0.000000   0.000000   0.000000   1.000000
!
!  P functions
F   6    4
    54.70000   0.017151   0.000000   0.000000   0.000000
    12.43000   0.107656   0.000000   0.000000   0.000000
     3.67900   0.321681   0.000000   0.000000   0.000000
     1.14300   0.485232   1.000000   0.000000   0.000000
     0.33000   0.332584   0.000000   1.000000   0.000000
     0.09175   0.000000   0.000000   0.000000   1.000000
!
