!
! O: aug-cc-pVTZ
!  [5s,4p,3d,2f]                   
!
!
!  S functions
F  11    5
 15330.00000   0.000508  -0.000115   0.000000   0.000000   0.000000
  2299.00000   0.003929  -0.000895   0.000000   0.000000   0.000000
   522.40000   0.020243  -0.004636   0.000000   0.000000   0.000000
   147.30000   0.079181  -0.018724   0.000000   0.000000   0.000000
    47.55000   0.230687  -0.058463   0.000000   0.000000   0.000000
    16.76000   0.433118  -0.136463   0.000000   0.000000   0.000000
     6.20700   0.350260  -0.175740   0.000000   0.000000   0.000000
     1.75200   0.042728   0.160934   1.000000   0.000000   0.000000
     0.68820  -0.008154   0.603418   0.000000   0.000000   0.000000
     0.23840   0.002381   0.378765   0.000000   1.000000   0.000000
     0.07376   0.000000   0.000000   0.000000   0.000000   1.000000
!
!  P functions
F   6    4
    34.46000   0.015928   0.000000   0.000000   0.000000
     7.74900   0.099740   0.000000   0.000000   0.000000
     2.28000   0.310492   0.000000   0.000000   0.000000
     0.71560   0.491026   1.000000   0.000000   0.000000
     0.21400   0.336337   0.000000   1.000000   0.000000
     0.05974   0.000000   0.000000   0.000000   1.000000
!
