!
! C : cc-pVTZ
! (10s,5p,2d,1f) -> [4s,3p,2d,1f]                 
!
 S  10
  1        8236.000000         0.5310000000E-03
  2        1235.000000         0.4108000000E-02
  3        280.8000000         0.2108700000E-01
  4        79.27000000         0.8185300000E-01
  5        25.59000000         0.2348170000    
  6        8.997000000         0.4344010000    
  7        3.319000000         0.3461290000    
  8       0.9059000000         0.3937800000E-01
  9       0.3643000000        -0.8983000000E-02
 10       0.1285000000         0.2385000000E-02
 S  10
  1        8236.000000        -0.1130000000E-03
  2        1235.000000        -0.8780000000E-03
  3        280.8000000        -0.4540000000E-02
  4        79.27000000        -0.1813300000E-01
  5        25.59000000        -0.5576000000E-01
  6        8.997000000        -0.1268950000    
  7        3.319000000        -0.1703520000    
  8       0.9059000000         0.1403820000    
  9       0.3643000000         0.5986840000    
 10       0.1285000000         0.3953890000    
 S   1
  1       0.9059000000          1.000000000    
 S   1
  1       0.1285000000          1.000000000    
 P   5
  1        18.71000000         0.1403100000E-01
  2        4.133000000         0.8686600000E-01
  3        1.200000000         0.2902160000    
  4       0.3827000000         0.5010080000    
  5       0.1209000000         0.3434060000    
 P   1
  1       0.3827000000          1.000000000    
 P   1
  1       0.1209000000          1.000000000    
 D   1
  1        1.097000000          1.000000000    
 D   1
  1       0.3180000000          1.000000000    
 F   1
  1       0.7610000000          1.000000000
