!  cc-pVTZ  EMSL  Basis Set Exchange Library   4/23/08 2:26 AM
!  LITHIUM
  S     11
    1            5988.0000000              0.0001330        
    2             898.9000000              0.0010250        
    3             205.9000000              0.0052720        
    4              59.2400000              0.0209290        
    5              19.8700000              0.0663400        
    6               7.4060000              0.1657750        
    7               2.9300000              0.3150380        
    8               1.1890000              0.3935230        
    9               0.4798000              0.1908700        
    10              0.0750900              0.0054140        
    11              0.0283200             -0.0013280        
  S     11
    1            5988.0000000             -0.0000210        
    2             898.9000000             -0.0001610        
    3             205.9000000             -0.0008200        
    4              59.2400000             -0.0033260        
    5              19.8700000             -0.0105190        
    6               7.4060000             -0.0280970        
    7               2.9300000             -0.0559360        
    8               1.1890000             -0.0992370        
    9               0.4798000             -0.1121890        
    10              0.0750900              0.5678890        
    11              0.0283200              0.5303820        
  S     1
    1               0.0750900              1.0000000        
  S     1
    1               0.0283200              1.0000000        
  P     5
    1               3.2660000              0.0086300        
    2               0.6511000              0.0475380        
    3               0.1696000              0.2097720        
    4               0.0557800              0.5285220        
    5               0.0205000              0.3827440        
  P     1
    1               0.0557800              1.0000000        
  P     1
    1               0.0205000              1.0000000        
  D     1
    1               0.1874000              1.0000000        
  D     1
    1               0.0801000              1.0000000        
  F     1
    1               0.1829000              1.0000000        
