!
! N: cc-pVTZ
!  [4s,3p,2d,1f]                   
!
 S  10
  1        11420.00000         0.5230000000E-03
  2        1712.000000         0.4045000000E-02
  3        389.3000000         0.2077500000E-01
  4        110.0000000         0.8072700000E-01
  5        35.57000000         0.2330740000    
  6        12.54000000         0.4335010000    
  7        4.644000000         0.3474720000    
  8        1.293000000         0.4126200000E-01
  9       0.5118000000        -0.8508000000E-02
 10       0.1787000000         0.2384000000E-02
 S  10
  1        11420.00000        -0.1150000000E-03
  2        1712.000000        -0.8950000000E-03
  3        389.3000000        -0.4624000000E-02
  4        110.0000000        -0.1852800000E-01
  5        35.57000000        -0.5733900000E-01
  6        12.54000000        -0.1320760000    
  7        4.644000000        -0.1725100000    
  8        1.293000000         0.1518140000    
  9       0.5118000000         0.5999440000    
 10       0.1787000000         0.3874620000    
 S   1
  1        1.293000000          1.000000000    
 S   1
  1       0.1787000000          1.000000000    
 P   5
  1        26.63000000         0.1467000000E-01
  2        5.948000000         0.9176400000E-01
  3        1.742000000         0.2986830000    
  4       0.5550000000         0.4984870000    
  5       0.1725000000         0.3370230000    
 P   1
  1       0.5550000000          1.000000000    
 P   1
  1       0.1725000000          1.000000000    
 D   1
  1        1.654000000          1.000000000    
 D   1
  1       0.4690000000          1.000000000    
 F   1
  1        1.093000000          1.000000000    
