!
! Ne: cc-pVTZ
!  [4s,3p,2d,1f]                   
!
 S  10
  1        24350.00000         0.5020000000E-03
  2        3650.000000         0.3881000000E-02
  3        829.6000000         0.1999700000E-01
  4        234.0000000         0.7841800000E-01
  5        75.61000000         0.2296760000    
  6        26.73000000         0.4327220000    
  7        9.927000000         0.3506420000    
  8        2.836000000         0.4391100000E-01
  9        1.102000000        -0.7645000000E-02
 10       0.3782000000         0.2375000000E-02
 S  10
  1        24350.00000        -0.1180000000E-03
  2        3650.000000        -0.9150000000E-03
  3        829.6000000        -0.4737000000E-02
  4        234.0000000        -0.1923300000E-01
  5        75.61000000        -0.6036900000E-01
  6        26.73000000        -0.1425080000    
  7        9.927000000        -0.1777100000    
  8        2.836000000         0.1773520000    
  9        1.102000000         0.6058360000    
 10       0.3782000000         0.3651090000    
 S   1
  1        2.836000000          1.000000000    
 S   1
  1       0.3782000000          1.000000000    
 P   5
  1        54.70000000         0.1715100000E-01
  2        12.43000000         0.1076560000    
  3        3.679000000         0.3216810000    
  4        1.143000000         0.4852320000    
  5       0.3300000000         0.3325840000    
 P   1
  1        1.143000000          1.000000000    
 P   1
  1       0.3300000000          1.000000000    
 D   1
  1        4.014000000          1.000000000    
 D   1
  1        1.096000000          1.000000000    
 F   1
  1        2.544000000          1.000000000    
