!  aug-cc-pVDZ  EMSL  Basis Set Exchange Library   7/28/11 8:49 AM
! Basis = aug-cc-pVDZ
! ALUMINIUM       (13s,9p,2d) -> [5s,4p,2d]
! ALUMINIUM       (12s,8p,1d) -> [4s,3p,1d]
! ALUMINIUM       (1s,1p,1d)
! s functions
H  13    5
    64150.0000000000        0.0002902500       -0.0000758048        0.0000175078
                            0.0000000000        0.0000000000
     9617.0000000000        0.0022506400       -0.0005817910        0.0001342080
                            0.0000000000        0.0000000000
     2189.0000000000        0.0116459000       -0.0030811300        0.0007124420
                            0.0000000000        0.0000000000
      620.5000000000        0.0467377000       -0.0123112000        0.0028433000
                            0.0000000000        0.0000000000
      202.7000000000        0.1462990000       -0.0419781000        0.0097684200
                            0.0000000000        0.0000000000
       73.1500000000        0.3302830000       -0.1033710000        0.0241850000
                            0.0000000000        0.0000000000
       28.5500000000        0.4158610000       -0.1963080000        0.0474993000
                            0.0000000000        0.0000000000
       11.7700000000        0.1892530000       -0.0830002000        0.0203621000
                            0.0000000000        0.0000000000
        3.3000000000        0.0115889000        0.5410400000       -0.1587880000
                            0.0000000000        0.0000000000
        1.1730000000       -0.0012838500        0.5787960000       -0.3116940000
                            0.0000000000        0.0000000000
        0.1752000000        0.0004258830        0.0288147000        0.6201470000
                            0.0000000000        0.0000000000
        0.0647300000       -0.0001992800       -0.0095379500        0.5209430000
                            1.0000000000        0.0000000000
        0.0231000000        0.0000000000        0.0000000000        0.0000000000
                            0.0000000000        1.0000000000
! p functions
H   9    4
      258.8000000000        0.0040684700       -0.0007480530        0.0000000000
                            0.0000000000
       60.8900000000        0.0306815000       -0.0054579600        0.0000000000
                            0.0000000000
       19.1400000000        0.1291490000       -0.0245371000        0.0000000000
                            0.0000000000
        6.8810000000        0.3208310000       -0.0582138000        0.0000000000
                            0.0000000000
        2.5740000000        0.4538150000       -0.0983756000        0.0000000000
                            0.0000000000
        0.9572000000        0.2750660000       -0.0260064000        0.0000000000
                            0.0000000000
        0.2099000000        0.0190807000        0.4640200000        0.0000000000
                            0.0000000000
        0.0598600000       -0.0031284800        0.6488700000        1.0000000000
                            0.0000000000
        0.0153000000        0.0000000000        0.0000000000        0.0000000000
                            1.0000000000
! d functions
H   2    2
        0.1890000000        1.0000000000        0.0000000000
        0.0535000000        0.0000000000        1.0000000000


