! Basis = aug-cc-pVDZ
! BERYLLIUM       (9s,4p,1d)->[3s,2p,1d]
! BERYLLIUM       (1s,1p,1d)
! s functions
F   10    4
   2940.0000000   0.0006800  -0.0001230   0.0000000   0.0000000        
    441.2000000   0.0052360  -0.0009660   0.0000000   0.0000000        
    100.5000000   0.0266060  -0.0048310   0.0000000   0.0000000        
     28.4300000   0.0999930  -0.0193140   0.0000000   0.0000000        
      9.1690000   0.2697020  -0.0532800   0.0000000   0.0000000        
      3.1960000   0.4514690  -0.1207230   0.0000000   0.0000000        
      1.1590000   0.2950740  -0.1334350   0.0000000   0.0000000        
      0.1811000   0.0125870   0.5307670   0.0000000   0.0000000        
      0.0589000  -0.0037560   0.5801170   1.0000000   0.0000000        
      0.0187700   0.0000000   0.0000000   0.0000000   1.0000000        
! p functions
F   5    3
      3.6190000   0.0291110   0.0000000   0.0000000        
      0.7110000   0.1693650   0.0000000   0.0000000        
      0.1951000   0.5134580   0.0000000   0.0000000        
      0.0601800   0.4793380   1.0000000   0.0000000        
      0.0085000   0.0000000   0.0000000   1.0000000        
! d functions
F   2    2
      0.2380000   1.0000000   0.0000000        
      0.0740000   0.0000000   1.0000000        
