!
! BASIS="aug-cc-pVDZ"
! C : [4s,3p,2d]                          
!
!
!  S functions
F  10    4
  6665.00000   0.000692  -0.000146   0.000000   0.000000
  1000.00000   0.005329  -0.001154   0.000000   0.000000
   228.00000   0.027077  -0.005725   0.000000   0.000000
    64.71000   0.101718  -0.023312   0.000000   0.000000
    21.06000   0.274740  -0.063955   0.000000   0.000000
     7.49500   0.448564  -0.149981   0.000000   0.000000
     2.79700   0.285074  -0.127262   0.000000   0.000000
     0.52150   0.015204   0.544529   0.000000   0.000000
     0.15960  -0.003191   0.580496   1.000000   0.000000
     0.04690   0.000000   0.000000   0.000000   1.000000
!
!  P functions
F   5    3
     9.43900   0.038109   0.000000   0.000000
     2.00200   0.209480   0.000000   0.000000
     0.54560   0.508557   0.000000   0.000000
     0.15170   0.468842   1.000000   0.000000
     0.04041   0.000000   0.000000   1.000000
!
!  D functions
F   2    2
     0.55000   1.000000   0.000000
     0.15100   0.000000   1.000000
