! Basis = aug-cc-pVDZ
! CHLORINE       (13s,9p,2d) -> [5s,4p,2d]
! CHLORINE       (12s,8p,1d) -> [4s,3p,1d]
! CHLORINE       (1s,1p,1d)
! s functions
F  13    5
 127900.0000000     0.241153D-03 -0.678922D-04  0.204986D-04  0.0     0.0
  19170.0000000     0.187095D-02 -0.521836D-03  0.158298D-03  0.0     0.0
   4363.0000000     0.970827D-02 -0.276513D-02  0.833639D-03  0.0     0.0
   1236.0000000     0.393153D-01 -0.111537D-01  0.339880D-02  0.0     0.0
    403.6000000     0.125932D+00 -0.385919D-01  0.116738D-01  0.0     0.0
    145.7000000     0.299341D+00 -0.994848D-01  0.309622D-01  0.0     0.0
     56.8100000     0.421886D+00 -0.201392D+00  0.629533D-01  0.0     0.0
     23.2300000     0.237201D+00 -0.130313D+00  0.460257D-01  0.0     0.0
      6.6440000     0.191531D-01  0.509443D+00 -0.219312D+00  0.0     0.0
      2.5750000    -0.334792D-02  0.610725D+00 -0.408773D+00  0.0     0.0
      0.5371000     0.929883D-03  0.421549D-01  0.638465D+00  0.0     0.0
      0.1938000    -0.396379D-03 -0.923427D-02  0.562362D+00  1.0     0.0
      0.0608000     0.0000000     0.0000000     0.0000000     0.0     1.0
! p functions
F  9    4
    417.6000000     0.525982D-02 -0.143570D-02  0.0000000     0.0000000        
     98.3300000     0.398332D-01 -0.107796D-01  0.0000000     0.0000000        
     31.0400000     0.164655D+00 -0.470075D-01  0.0000000     0.0000000        
     11.1900000     0.387322D+00 -0.111030D+00  0.0000000     0.0000000        
      4.2490000     0.457072D+00 -0.153275D+00  0.0000000     0.0000000        
      1.6240000     0.151636D+00  0.894609D-01  0.0000000     0.0000000        
      0.5322000     0.181615D-02  0.579444D+00  0.0000000     0.0000000        
      0.1620000     0.188296D-02  0.483272D+00  1.0000000     0.0000000        
      0.0466000     0.0000000     0.0000000     0.0000000     1.0000000        
! d functions
F  2    2
      0.6000000     1.0000000     0.0000000        
      0.1960000     0.0000000     1.0000000        
