!
! Ne: aug-cc-pVDZ
!  [4s,3p,2d]                          
!
!
!  S functions
F  10    4
 17880.00000   0.000738  -0.000172   0.000000   0.000000
  2683.00000   0.005677  -0.001357   0.000000   0.000000
   611.50000   0.028883  -0.006737   0.000000   0.000000
   173.50000   0.108540  -0.027663   0.000000   0.000000
    56.64000   0.290907  -0.076208   0.000000   0.000000
    20.42000   0.448324  -0.175227   0.000000   0.000000
     7.81000   0.258026  -0.107038   0.000000   0.000000
     1.65300   0.015063   0.567050   0.000000   0.000000
     0.48690  -0.002100   0.565216   1.000000   0.000000
     0.12300   0.000000   0.000000   0.000000   1.000000
!
!  P functions
F   5    3
    28.39000   0.046087   0.000000   0.000000
     6.27000   0.240181   0.000000   0.000000
     1.69500   0.508744   0.000000   0.000000
     0.43170   0.455660   1.000000   0.000000
     0.10640   0.000000   0.000000   1.000000
!
!  D functions
F   2    2
     2.20200   1.000000   0.000000
     0.63100   0.000000   1.000000
