!
! N: cc-pVDZ
!  [3s,2p,1d]                          
!
!
!  S functions
F   9    3
  9046.00000   0.000700  -0.000153   0.000000
  1357.00000   0.005389  -0.001208   0.000000
   309.30000   0.027406  -0.005992   0.000000
    87.73000   0.103207  -0.024544   0.000000
    28.56000   0.278723  -0.067459   0.000000
    10.21000   0.448540  -0.158078   0.000000
     3.83800   0.278238  -0.121831   0.000000
     0.74660   0.015440   0.549003   0.000000
     0.22480  -0.002864   0.578815   1.000000
!
!  P functions
F   4    2
    13.55000   0.039919   0.000000
     2.91700   0.217169   0.000000
     0.79730   0.510319   0.000000
     0.21850   0.462214   1.000000
!
