TITLE Distributed overlap energies
TITLE  water1 and water2
TITLE  Basis sadlej and type MC
TITLE  Midbonds NONE and type weighted
MOL-A  water1
AUX-BASIS-TYPE-A  DC
SITES-A +++ 
      O1       H1       H2      
MOL-B  water2
AUX-BASIS-TYPE-B  DC
SITES-B +++ 
      O1       H1       H2      
POINTS       8
ENERGY-UNITS  KJ/MOL
LENGTH-UNITS  BOHR
ANGLE-UNITS  DEGREES
SITE-A  O1      
LABELS    Rx            Ry            Rz            alpha         Nx            Ny            Nz               O1             H1             H2             O2             H3             H4      
  -0.3960100E+01  0.0000000E+00 -0.2210600E+01  0.1331251E+03 -0.6372070E+00  0.6372070E+00 -0.4335150E+00 -0.9533588E+02  0.8928102E+02  0.6482741E+01  0.3103527E+01  0.6199594E-01  0.6199596E-01
  -0.4290100E+01  0.0000000E+00 -0.2394800E+01  0.1331251E+03 -0.6372070E+00  0.6372070E+00 -0.4335150E+00 -0.8644489E+02  0.8066416E+02  0.6223616E+01  0.1116900E+01  0.2214861E-01  0.2214861E-01
  -0.4950200E+01  0.0000000E+00 -0.2763200E+01  0.1331251E+03 -0.6372070E+00  0.6372070E+00 -0.4335150E+00 -0.6060697E+02  0.5135521E+02  0.9488643E+01  0.1214655E+00  0.2359069E-02  0.2359070E-02
  -0.5775200E+01  0.0000000E+00 -0.3223800E+01  0.1331251E+03 -0.6372070E+00  0.6372070E+00 -0.4335150E+00 -0.5289843E+02  0.4609694E+02  0.6871506E+01  0.4594748E-02  0.8218154E-04  0.8218164E-04
  -0.6600200E+01  0.0000000E+00 -0.3684300E+01  0.1331251E+03 -0.6372070E+00  0.6372070E+00 -0.4335150E+00 -0.5235240E+02  0.4894085E+02  0.3428556E+01 -0.9712106E-04 -0.2775119E-05 -0.2775112E-05
  -0.7425200E+01  0.0000000E+00 -0.4144900E+01  0.1331251E+03 -0.6372070E+00  0.6372070E+00 -0.4335150E+00 -0.4959519E+02  0.4805407E+02  0.1544148E+01 -0.3152846E-04 -0.6662484E-06 -0.6662481E-06
  -0.8250300E+01  0.0000000E+00 -0.4605400E+01  0.1331251E+03 -0.6372070E+00  0.6372070E+00 -0.4335150E+00 -0.4599970E+02  0.4510290E+02  0.8957474E+00 -0.2953933E-05 -0.6343762E-07 -0.6343761E-07
  -0.9900300E+01  0.0000000E+00 -0.5526500E+01  0.1331251E+03 -0.6372070E+00  0.6372070E+00 -0.4335150E+00 -0.3324519E+02  0.3137947E+02  0.1863336E+01 -0.6995048E-08 -0.1817857E-09 -0.1817857E-09
END  O1      
SITE-A  H1      
LABELS    Rx            Ry            Rz            alpha         Nx            Ny            Nz               O1             H1             H2             O2             H3             H4      
  -0.3960100E+01  0.0000000E+00 -0.2210600E+01  0.1331251E+03 -0.6372070E+00  0.6372070E+00 -0.4335150E+00 -0.1545120E+02  0.1485322E+02  0.2259303E+00  0.3858215E+02  0.9507316E+00  0.9507319E+00
  -0.4290100E+01  0.0000000E+00 -0.2394800E+01  0.1331251E+03 -0.6372070E+00  0.6372070E+00 -0.4335150E+00 -0.1426568E+02  0.1384305E+02  0.2228254E+00  0.1793970E+02  0.4771155E+00  0.4771156E+00
  -0.4950200E+01  0.0000000E+00 -0.2763200E+01  0.1331251E+03 -0.6372070E+00  0.6372070E+00 -0.4335150E+00 -0.9443615E+01  0.9147445E+01  0.3734872E+00  0.3761594E+01  0.1107148E+00  0.1107148E+00
  -0.5775200E+01  0.0000000E+00 -0.3223800E+01  0.1331251E+03 -0.6372070E+00  0.6372070E+00 -0.4335150E+00 -0.8524156E+01  0.8309786E+01  0.2776557E+00  0.5711358E+00  0.1728340E-01  0.1728340E-01
  -0.6600200E+01  0.0000000E+00 -0.3684300E+01  0.1331251E+03 -0.6372070E+00  0.6372070E+00 -0.4335150E+00 -0.8517339E+01  0.8402798E+01  0.1368915E+00  0.7667532E-01  0.2360420E-02  0.2360421E-02
  -0.7425200E+01  0.0000000E+00 -0.4144900E+01  0.1331251E+03 -0.6372070E+00  0.6372070E+00 -0.4335150E+00 -0.8038280E+01  0.7986537E+01  0.5870470E-01  0.9088406E-02  0.2831570E-03  0.2831571E-03
  -0.8250300E+01  0.0000000E+00 -0.4605400E+01  0.1331251E+03 -0.6372070E+00  0.6372070E+00 -0.4335150E+00 -0.7409270E+01  0.7378742E+01  0.3316070E-01  0.9953749E-03  0.3001193E-04  0.3001195E-04
  -0.9900300E+01  0.0000000E+00 -0.5526500E+01  0.1331251E+03 -0.6372070E+00  0.6372070E+00 -0.4335150E+00 -0.5149265E+01  0.5082672E+01  0.6764545E-01  0.7285473E-05  0.1983512E-06  0.1983513E-06
END  H1      
SITE-A  H2      
LABELS    Rx            Ry            Rz            alpha         Nx            Ny            Nz               O1             H1             H2             O2             H3             H4      
  -0.3960100E+01  0.0000000E+00 -0.2210600E+01  0.1331251E+03 -0.6372070E+00  0.6372070E+00 -0.4335150E+00 -0.3698661E+01  0.3368889E+01  0.3640396E+00  0.2544429E+00  0.4573614E-02  0.4573619E-02
  -0.4290100E+01  0.0000000E+00 -0.2394800E+01  0.1331251E+03 -0.6372070E+00  0.6372070E+00 -0.4335150E+00 -0.3482296E+01  0.3019966E+01  0.4883749E+00  0.1106475E+00  0.2046659E-02  0.2046662E-02
  -0.4950200E+01  0.0000000E+00 -0.2763200E+01  0.1331251E+03 -0.6372070E+00  0.6372070E+00 -0.4335150E+00 -0.3462253E+01  0.2006965E+01  0.1467624E+01  0.1939948E-01  0.3816798E-03  0.3816802E-03
  -0.5775200E+01  0.0000000E+00 -0.3223800E+01  0.1331251E+03 -0.6372070E+00  0.6372070E+00 -0.4335150E+00 -0.2912053E+01  0.1722566E+01  0.1193110E+01  0.1922832E-02  0.3999232E-04  0.3999237E-04
  -0.6600200E+01  0.0000000E+00 -0.3684300E+01  0.1331251E+03 -0.6372070E+00  0.6372070E+00 -0.4335150E+00 -0.2339580E+01  0.1753902E+01  0.5865436E+00  0.1688257E-03  0.3527527E-05  0.3527531E-05
  -0.7425200E+01  0.0000000E+00 -0.4144900E+01  0.1331251E+03 -0.6372070E+00  0.6372070E+00 -0.4335150E+00 -0.1962794E+01  0.1707245E+01  0.2556223E+00  0.1252590E-04  0.2593287E-06  0.2593290E-06
  -0.8250300E+01  0.0000000E+00 -0.4605400E+01  0.1331251E+03 -0.6372070E+00  0.6372070E+00 -0.4335150E+00 -0.1748532E+01  0.1597343E+01  0.1510761E+00  0.7408792E-06  0.1541721E-07  0.1541722E-07
  -0.9900300E+01  0.0000000E+00 -0.5526500E+01  0.1331251E+03 -0.6372070E+00  0.6372070E+00 -0.4335150E+00 -0.1423275E+01  0.1111099E+01  0.3121434E+00  0.1176774E-08  0.2678256E-10  0.2678259E-10
END  H2      
SITE-A  O2      
LABELS    Rx            Ry            Rz            alpha         Nx            Ny            Nz               O1             H1             H2             O2             H3             H4      
  -0.3960100E+01  0.0000000E+00 -0.2210600E+01  0.1331251E+03 -0.6372070E+00  0.6372070E+00 -0.4335150E+00  0.8305525E-01 -0.9154238E-01 -0.5430936E-03 -0.4542915E+02 -0.3417908E+01 -0.3417906E+01
  -0.4290100E+01  0.0000000E+00 -0.2394800E+01  0.1331251E+03 -0.6372070E+00  0.6372070E+00 -0.4335150E+00  0.4068033E-01 -0.3129304E-01 -0.2410327E-03 -0.3259097E+02 -0.2834867E+01 -0.2834865E+01
  -0.4950200E+01  0.0000000E+00 -0.2763200E+01  0.1331251E+03 -0.6372070E+00  0.6372070E+00 -0.4335150E+00  0.5396563E-02 -0.5194794E-02 -0.4494996E-04 -0.2704465E+02 -0.2861534E+01 -0.2861532E+01
  -0.5775200E+01  0.0000000E+00 -0.3223800E+01  0.1331251E+03 -0.6372070E+00  0.6372070E+00 -0.4335150E+00  0.5569360E-03 -0.1078271E-02 -0.1962125E-05 -0.1509284E+02 -0.1369596E+01 -0.1369595E+01
  -0.6600200E+01  0.0000000E+00 -0.3684300E+01  0.1331251E+03 -0.6372070E+00  0.6372070E+00 -0.4335150E+00  0.4428523E-04 -0.1801179E-03 -0.2933656E-07 -0.7651884E+01 -0.4761738E+00 -0.4761731E+00
  -0.7425200E+01  0.0000000E+00 -0.4144900E+01  0.1331251E+03 -0.6372070E+00  0.6372070E+00 -0.4335150E+00  0.2623711E-05 -0.2587866E-04  0.1467635E-08 -0.5255205E+01 -0.2228563E+00 -0.2228557E+00
  -0.8250300E+01  0.0000000E+00 -0.4605400E+01  0.1331251E+03 -0.6372070E+00  0.6372070E+00 -0.4335150E+00  0.9628348E-07 -0.2567738E-05  0.7942451E-10 -0.4990050E+01 -0.2807580E+00 -0.2807575E+00
  -0.9900300E+01  0.0000000E+00 -0.5526500E+01  0.1331251E+03 -0.6372070E+00  0.6372070E+00 -0.4335150E+00  0.3108459E-10 -0.6039974E-08 -0.2748288E-13 -0.5556673E+01 -0.4746059E+00 -0.4746057E+00
END  O2      
SITE-A  H3      
LABELS    Rx            Ry            Rz            alpha         Nx            Ny            Nz               O1             H1             H2             O2             H3             H4      
  -0.3960100E+01  0.0000000E+00 -0.2210600E+01  0.1331251E+03 -0.6372070E+00  0.6372070E+00 -0.4335150E+00 -0.2776442E-02  0.5115826E-02  0.1042869E-04  0.1535541E+02  0.2457236E+01  0.5697987E+00
  -0.4290100E+01  0.0000000E+00 -0.2394800E+01  0.1331251E+03 -0.6372070E+00  0.6372070E+00 -0.4335150E+00 -0.1154408E-02  0.1715739E-02  0.3789855E-05  0.1304917E+02  0.2158150E+01  0.4801311E+00
  -0.4950200E+01  0.0000000E+00 -0.2763200E+01  0.1331251E+03 -0.6372070E+00  0.6372070E+00 -0.4335150E+00 -0.1899001E-03  0.6671043E-03  0.7863013E-06  0.1289988E+02  0.2360563E+01  0.4561975E+00
  -0.5775200E+01  0.0000000E+00 -0.3223800E+01  0.1331251E+03 -0.6372070E+00  0.6372070E+00 -0.4335150E+00 -0.1391687E-04  0.1172178E-03  0.2527564E-07  0.7445610E+01  0.1128582E+01  0.2337890E+00
  -0.6600200E+01  0.0000000E+00 -0.3684300E+01  0.1331251E+03 -0.6372070E+00  0.6372070E+00 -0.4335150E+00 -0.7300003E-06  0.1187999E-04  0.2534597E-09  0.3816725E+01  0.3673689E+00  0.1079756E+00
  -0.7425200E+01  0.0000000E+00 -0.4144900E+01  0.1331251E+03 -0.6372070E+00  0.6372070E+00 -0.4335150E+00 -0.4022526E-07  0.1113479E-05 -0.1857253E-10  0.2629667E+01  0.1466547E+00  0.7626914E-01
  -0.8250300E+01  0.0000000E+00 -0.4605400E+01  0.1331251E+03 -0.6372070E+00  0.6372070E+00 -0.4335150E+00 -0.2242852E-08  0.1114795E-06 -0.1442546E-11  0.2497152E+01  0.1999320E+00  0.8099925E-01
  -0.9900300E+01  0.0000000E+00 -0.5526500E+01  0.1331251E+03 -0.6372070E+00  0.6372070E+00 -0.4335150E+00 -0.2656188E-11  0.5641766E-09  0.1647295E-14  0.2778947E+01  0.3771295E+00  0.9761969E-01
END  H3      
SITE-A  H4      
LABELS    Rx            Ry            Rz            alpha         Nx            Ny            Nz               O1             H1             H2             O2             H3             H4      
  -0.3960100E+01  0.0000000E+00 -0.2210600E+01  0.1331251E+03 -0.6372070E+00  0.6372070E+00 -0.4335150E+00 -0.2776440E-02  0.5115822E-02  0.1042869E-04  0.1535540E+02  0.5697981E+00  0.2457233E+01
  -0.4290100E+01  0.0000000E+00 -0.2394800E+01  0.1331251E+03 -0.6372070E+00  0.6372070E+00 -0.4335150E+00 -0.1154407E-02  0.1715737E-02  0.3789856E-05  0.1304915E+02  0.4801306E+00  0.2158147E+01
  -0.4950200E+01  0.0000000E+00 -0.2763200E+01  0.1331251E+03 -0.6372070E+00  0.6372070E+00 -0.4335150E+00 -0.1899000E-03  0.6671038E-03  0.7863015E-06  0.1289987E+02  0.4561971E+00  0.2360560E+01
  -0.5775200E+01  0.0000000E+00 -0.3223800E+01  0.1331251E+03 -0.6372070E+00  0.6372070E+00 -0.4335150E+00 -0.1391687E-04  0.1172178E-03  0.2527564E-07  0.7445605E+01  0.2337887E+00  0.1128581E+01
  -0.6600200E+01  0.0000000E+00 -0.3684300E+01  0.1331251E+03 -0.6372070E+00  0.6372070E+00 -0.4335150E+00 -0.7299996E-06  0.1187998E-04  0.2534597E-09  0.3816721E+01  0.1079755E+00  0.3673680E+00
  -0.7425200E+01  0.0000000E+00 -0.4144900E+01  0.1331251E+03 -0.6372070E+00  0.6372070E+00 -0.4335150E+00 -0.4022523E-07  0.1113478E-05 -0.1857252E-10  0.2629664E+01  0.7626900E-01  0.1466540E+00
  -0.8250300E+01  0.0000000E+00 -0.4605400E+01  0.1331251E+03 -0.6372070E+00  0.6372070E+00 -0.4335150E+00 -0.2242850E-08  0.1114795E-06 -0.1442546E-11  0.2497149E+01  0.8099915E-01  0.1999315E+00
  -0.9900300E+01  0.0000000E+00 -0.5526500E+01  0.1331251E+03 -0.6372070E+00  0.6372070E+00 -0.4335150E+00 -0.2656188E-11  0.5641765E-09  0.1647296E-14  0.2778945E+01  0.9761962E-01  0.3771292E+00
END  H4      
END-FILE
