!
! BASIS="daug-cc-pVTZ"
! C: [6s,5p,4d,3f]                 
!
!
!  S functions
F  12    6
  8236.00000   0.000531  -0.000113   0.000000   0.000000   0.000000   0.000000
  1235.00000   0.004108  -0.000878   0.000000   0.000000   0.000000   0.000000
   280.80000   0.021087  -0.004540   0.000000   0.000000   0.000000   0.000000
    79.27000   0.081853  -0.018133   0.000000   0.000000   0.000000   0.000000
    25.59000   0.234817  -0.055760   0.000000   0.000000   0.000000   0.000000
     8.99700   0.434401  -0.126895   0.000000   0.000000   0.000000   0.000000
     3.31900   0.346129  -0.170352   0.000000   0.000000   0.000000   0.000000
     0.90590   0.039378   0.140382   1.000000   0.000000   0.000000   0.000000
     0.36430  -0.008983   0.598684   0.000000   0.000000   0.000000   0.000000
     0.12850   0.002385   0.395389   0.000000   1.000000   0.000000   0.000000
     0.04402   0.000000   0.000000   0.000000   0.000000   1.000000   0.000000
     0.01510   0.000000   0.000000   0.000000   0.000000   0.000000   1.000000
!
!  P functions
F   7    5
    18.71000   0.014031   0.000000   0.000000   0.000000   0.000000
     4.13300   0.086866   0.000000   0.000000   0.000000   0.000000
     1.20000   0.290216   0.000000   0.000000   0.000000   0.000000
     0.38270   0.501008   1.000000   0.000000   0.000000   0.000000
     0.12090   0.343406   0.000000   1.000000   0.000000   0.000000
     0.03569   0.000000   0.000000   0.000000   1.000000   0.000000
     0.01050   0.000000   0.000000   0.000000   0.000000   1.000000
!
