! Hydrogen
! BASIS="d-aug-cc-pVTZ"
! [5s,4p,3d]                          
!
!  S functions
F   7    5
    33.87000   0.006068   0.000000   0.000000   0.000000   0.000000
     5.09500   0.045308   0.000000   0.000000   0.000000   0.000000
     1.15900   0.202822   0.000000   0.000000   0.000000   0.000000
     0.32580   0.503903   1.000000   0.000000   0.000000   0.000000
     0.10270   0.383421   0.000000   1.000000   0.000000   0.000000
     0.02526   0.000000   0.000000   0.000000   1.000000   0.000000
     0.00621   0.000000   0.000000   0.000000   0.000000   1.000000
!
