! Basis = d-aug-cc-pVTZ
! NEON       (10s,5p,2d,1f)->[4s,3p,2d,1f]
! NEON       (1s,1p,1d,1f)
! NEON       (1s,1p,1d,1f)
! s functions
F  12    6
  24350.0000000  0.0005020 -0.0001180  0.0  0.0  0.0  0.0
   3650.0000000  0.0038810 -0.0009150  0.0  0.0  0.0  0.0
    829.6000000  0.0199970 -0.0047370  0.0  0.0  0.0  0.0
    234.0000000  0.0784180 -0.0192330  0.0  0.0  0.0  0.0
     75.6100000  0.2296760 -0.0603690  0.0  0.0  0.0  0.0
     26.7300000  0.4327220 -0.1425080  0.0  0.0  0.0  0.0
      9.9270000  0.3506420 -0.1777100  0.0  0.0  0.0  0.0
      2.8360000  0.0439110  0.1773520  1.0  0.0  0.0  0.0
      1.1020000 -0.0076450  0.6058360  0.0  0.0  0.0  0.0
      0.3782000  0.0023750  0.3651090  0.0  1.0  0.0  0.0
      0.1133000  0.0000000  0.0000000  0.0  0.0  1.0  0.0
      0.0339000  0.0000000  0.0000000  0.0  0.0  0.0  1.0
! p functions
F   7    5
     54.7000000  0.0171510  0.0000000  0.0000000  0.0000000  0.0000000        
     12.4300000  0.1076560  0.0000000  0.0000000  0.0000000  0.0000000        
      3.6790000  0.3216810  0.0000000  0.0000000  0.0000000  0.0000000        
      1.1430000  0.4852320  1.0000000  0.0000000  0.0000000  0.0000000        
      0.3300000  0.3325840  0.0000000  1.0000000  0.0000000  0.0000000        
      0.0917500  0.0000000  0.0000000  0.0000000  1.0000000  0.0000000        
      0.0255000  0.0000000  0.0000000  0.0000000  0.0000000  1.0000000        
