0 0 9 -2 3 1 1
1 1 9 -1 3 5 2
2 2 9 -1 3 5 2
1 0 10 1 1 1 6
0 1 10 -1 2 5 3
1 3 10 -1 2 5 6
2 4 10 -1 2 5 6
2 0 11 1 1 1 6
0 2 11 -1 2 5 3
2 3 11 1 2 5 6
1 4 11 -1 2 5 6
1 1 12 1 2 1 6
2 2 12 -1 2 1 6
0 3 12 -1 1 1 3
1 5 12 -1 2 7 6
2 6 12 -1 2 7 6
2 1 13 1 2 1 6
1 2 13 1 2 1 6
0 4 13 -1 1 1 3
2 5 13 1 2 7 6
1 6 13 -1 2 7 6
1 3 14 1 6 1 2
2 4 14 -1 6 1 2
0 5 14 -1 6 7 1
1 7 14 -1 3 7 2
2 8 14 -1 3 7 2
2 3 15 1 6 1 2
1 4 15 1 6 1 2
0 6 15 -1 6 7 1
2 7 15 1 3 7 2
1 8 15 -1 3 7 2
2 1 16 -1 1 -1 2
1 2 16 1 1 -1 2
2 0 17 1 1 -1 2
0 2 17 -1 2 -1 5
2 3 17 -3 2 -1 10
1 4 17 3 2 -1 10
1 0 18 -1 1 -1 2
0 1 18 1 2 -1 5
1 3 18 -3 2 -1 10
2 4 18 -3 2 -1 10
2 1 19 3 2 -1 10
1 2 19 3 2 -1 10
0 4 19 -1 1 -1 5
2 5 19 -1 2 -7 10
1 6 19 1 2 -7 10
1 1 20 -3 2 -1 10
2 2 20 3 2 -1 10
0 3 20 1 1 -1 5
1 5 20 -1 2 -7 10
2 6 20 -1 2 -7 10
2 3 21 1 2 -7 10
1 4 21 1 2 -7 10
0 6 21 -3 2 -1 5
2 7 21 -1 1 -1 10
1 8 21 1 1 -1 10
1 3 22 -1 2 -7 10
2 4 22 1 2 -7 10
0 5 22 3 2 -1 5
1 7 22 -1 1 -1 10
2 8 22 -1 1 -1 10
2 5 23 1 1 -1 10
1 6 23 1 1 -1 10
0 8 23 -2 1 -1 5
1 5 24 -1 1 -1 10
2 6 24 1 1 -1 10
0 7 24 2 1 -1 5
0 0 25 1 3 5 1
1 1 25 -1 3 2 1
2 2 25 -1 3 2 1
1 0 26 1 1 1 3
0 1 26 2 1 2 15
1 3 26 -1 1 1 15
2 4 26 -1 1 1 15
2 0 27 1 1 1 3
0 2 27 2 1 2 15
2 3 27 1 1 1 15
1 4 27 -1 1 1 15
1 1 28 1 1 7 30
2 2 28 -1 1 7 30
0 3 28 1 1 7 15
1 5 28 -1 1 1 30
2 6 28 -1 1 1 30
2 1 29 1 1 7 30
1 2 29 1 1 7 30
0 4 29 1 1 7 15
2 5 29 1 1 1 30
1 6 29 -1 1 1 30
1 3 30 1 3 14 5
2 4 30 -1 3 14 5
0 5 30 4 3 1 5
1 7 30 -1 3 1 10
2 8 30 -1 3 1 10
2 3 31 1 3 14 5
1 4 31 1 3 14 5
0 6 31 4 3 1 5
2 7 31 1 3 1 10
1 8 31 -1 3 1 10
1 5 32 1 1 2 5
2 6 32 -1 1 2 5
0 7 32 1 1 1 5
2 5 33 1 1 2 5
1 6 33 1 1 2 5
0 8 33 1 1 1 5
1 7 34 1 1 1 2
2 8 34 -1 1 1 2
2 7 35 1 1 1 2
1 8 35 1 1 1 2
