0 0 4 1 1 2 7
1 1 4 1 1 5 21
2 2 4 1 1 5 21
3 3 4 1 1 5 42
4 4 4 1 1 5 42
1 0 5 1 1 5 21
0 1 5 -2 3 2 7
3 1 5 1 3 10 7
4 2 5 1 3 10 7
1 3 5 -1 6 5 7
5 3 5 1 6 5 1
2 4 5 -1 6 5 7
6 4 5 1 6 5 1
2 0 6 1 1 5 21
4 1 6 1 3 10 7
0 2 6 -2 3 2 7
3 2 6 -1 3 10 7
2 3 6 1 6 5 7
6 3 6 1 6 5 1
1 4 6 -1 6 5 7
5 4 6 -1 6 5 1
3 0 7 1 1 5 42
1 1 7 -1 6 5 7
5 1 7 1 6 5 1
2 2 7 1 6 5 7
6 2 7 1 6 5 1
0 3 7 1 3 1 14
7 3 7 1 3 5 2
8 4 7 1 3 5 2
4 0 8 1 1 5 42
2 1 8 -1 6 5 7
6 1 8 1 6 5 1
1 2 8 -1 6 5 7
5 2 8 -1 6 5 1
8 3 8 1 3 5 2
0 4 8 1 3 1 14
7 4 8 -1 3 5 2
2 1 9 1 1 -1 6
1 2 9 -1 1 -1 6
4 3 9 1 1 -1 3
3 4 9 -1 1 -1 3
2 0 10 -1 2 -1 3
4 1 10 1 6 -1 2
0 2 10 1 3 -5 2
3 2 10 -1 6 -1 2
2 3 10 -1 3 -1 1
6 3 10 1 6 -7 1
1 4 10 1 3 -1 1
5 4 10 -1 6 -7 1
1 0 11 1 2 -1 3
0 1 11 -1 3 -5 2
3 1 11 -1 6 -1 2
4 2 11 -1 6 -1 2
1 3 11 -1 3 -1 1
5 3 11 -1 6 -7 1
2 4 11 -1 3 -1 1
6 4 11 -1 6 -7 1
4 0 12 -2 1 -1 15
2 1 12 7 6 -1 10
6 1 12 -1 6 -7 10
1 2 12 7 6 -1 10
5 2 12 1 6 -7 10
8 3 12 1 3 -7 5
0 4 12 -1 3 -1 1
7 4 12 -1 3 -7 5
3 0 13 2 1 -1 15
1 1 13 -7 6 -1 10
5 1 13 1 6 -7 10
2 2 13 7 6 -1 10
6 2 13 1 6 -7 10
0 3 13 1 3 -1 1
7 3 13 -1 3 -7 5
8 4 13 -1 3 -7 5
6 0 14 -1 2 -7 5
4 1 14 1 2 -3 10
8 1 14 -1 1 -7 30
3 2 14 1 2 -3 10
7 2 14 1 1 -7 30
2 3 14 -1 2 -1 15
1 4 14 -1 2 -1 15
5 0 15 1 2 -7 5
3 1 15 -1 2 -3 10
7 1 15 1 1 -7 30
4 2 15 1 2 -3 10
8 2 15 1 1 -7 30
1 3 15 1 2 -1 15
2 4 15 -1 2 -1 15
0 0 16 -2 1 5 77
1 1 16 -1 1 3 154
2 2 16 -1 1 3 154
3 3 16 3 1 3 77
4 4 16 3 1 3 77
1 0 17 -17 2 1 385
0 1 17 -1 1 3 154
3 1 17 -9 2 3 770
4 2 17 -9 2 3 770
1 3 17 -1 1 15 77
5 3 17 3 2 3 55
2 4 17 -1 1 15 77
6 4 17 3 2 3 55
2 0 18 -17 2 1 385
4 1 18 -9 2 3 770
0 2 18 -1 1 3 154
3 2 18 9 2 3 770
2 3 18 1 1 15 77
6 3 18 3 2 3 55
1 4 18 -1 1 15 77
5 4 18 -3 2 3 55
3 0 19 -4 1 1 385
1 1 19 -9 2 3 770
5 1 19 -1 2 15 22
2 2 19 9 2 3 770
6 2 19 -1 2 15 22
0 3 19 3 1 3 77
7 3 19 1 1 3 55
8 4 19 1 1 3 55
4 0 20 -4 1 1 385
2 1 20 -9 2 3 770
6 1 20 -1 2 15 22
1 2 20 -9 2 3 770
5 2 20 1 2 15 22
8 3 20 1 1 3 55
0 4 20 3 1 3 77
7 4 20 -1 1 3 55
5 0 21 1 2 7 55
3 1 21 -1 2 15 22
7 1 21 -1 1 21 110
4 2 21 1 2 15 22
8 2 21 -1 1 21 110
1 3 21 3 2 3 55
2 4 21 -3 2 3 55
6 0 22 1 2 7 55
4 1 22 -1 2 15 22
8 1 22 -1 1 21 110
3 2 22 -1 2 15 22
7 2 22 1 1 21 110
2 3 22 3 2 3 55
1 4 22 3 2 3 55
7 0 23 2 1 7 55
5 1 23 -1 1 21 110
6 2 23 1 1 21 110
3 3 23 1 1 3 55
4 4 23 -1 1 3 55
8 0 24 2 1 7 55
6 1 24 -1 1 21 110
5 2 24 -1 1 21 110
4 3 24 1 1 3 55
3 4 24 1 1 3 55
2 1 25 -1 1 -1 3
1 2 25 1 1 -1 3
4 3 25 1 1 -1 6
3 4 25 -1 1 -1 6
2 0 26 1 1 -1 15
4 1 26 -2 3 -2 5
0 2 26 -1 3 -2 1
3 2 26 2 3 -2 5
2 3 26 -1 6 -5 1
6 3 26 1 6 -7 5
1 4 26 1 6 -5 1
5 4 26 -1 6 -7 5
1 0 27 -1 1 -1 15
0 1 27 1 3 -2 1
3 1 27 2 3 -2 5
4 2 27 2 3 -2 5
1 3 27 -1 6 -5 1
5 3 27 -1 6 -7 5
2 4 27 -1 6 -5 1
6 4 27 -1 6 -7 5
4 0 28 1 1 -7 30
2 1 28 -1 6 -7 5
6 1 28 -1 6 -5 1
1 2 28 -1 6 -7 5
5 2 28 1 6 -5 1
8 3 28 1 3 -1 10
0 4 28 -1 3 -7 2
7 4 28 -1 3 -1 10
3 0 29 -1 1 -7 30
1 1 29 1 6 -7 5
5 1 29 1 6 -5 1
2 2 29 -1 6 -7 5
6 2 29 1 6 -5 1
0 3 29 1 3 -7 2
7 3 29 -1 3 -1 10
8 4 29 -1 3 -1 10
6 0 30 1 1 -2 5
8 1 30 -1 1 -1 15
7 2 30 1 1 -1 15
2 3 30 -1 1 -7 30
1 4 30 -1 1 -7 30
5 0 31 -1 1 -2 5
7 1 31 1 1 -1 15
8 2 31 1 1 -1 15
1 3 31 1 1 -7 30
2 4 31 -1 1 -7 30
8 0 32 1 1 -2 5
6 1 32 1 1 -1 15
5 2 32 1 1 -1 15
4 3 32 -1 1 -7 30
3 4 32 -1 1 -7 30
7 0 33 -1 1 -2 5
5 1 33 -1 1 -1 15
6 2 33 1 1 -1 15
3 3 33 1 1 -7 30
4 4 33 -1 1 -7 30
8 1 34 1 1 -1 3
7 2 34 1 1 -1 3
6 3 34 -1 1 -1 6
5 4 34 -1 1 -1 6
7 1 35 -1 1 -1 3
8 2 35 1 1 -1 3
5 3 35 1 1 -1 6
6 4 35 -1 1 -1 6
0 0 36 1 1 5 11
1 1 36 -2 1 2 33
2 2 36 -2 1 2 33
3 3 36 1 1 1 33
4 4 36 1 1 1 33
1 0 37 1 1 14 33
0 1 37 1 3 35 11
3 1 37 -1 3 7 11
4 2 37 -1 3 7 11
1 3 37 -1 3 7 22
5 3 37 1 3 1 22
2 4 37 -1 3 7 22
6 4 37 1 3 1 22
2 0 38 1 1 14 33
4 1 38 -1 3 7 11
0 2 38 1 3 35 11
3 2 38 1 3 7 11
2 3 38 1 3 7 22
6 3 38 1 3 1 22
1 4 38 -1 3 7 22
5 4 38 -1 3 1 22
3 0 39 2 1 14 165
1 1 39 4 3 7 55
5 1 39 -4 3 1 55
2 2 39 -4 3 7 55
6 2 39 -4 3 1 55
0 3 39 1 3 14 11
7 3 39 1 3 1 110
8 4 39 1 3 1 110
4 0 40 2 1 14 165
2 1 40 4 3 7 55
6 1 40 -4 3 1 55
1 2 40 4 3 7 55
5 2 40 4 3 1 55
8 3 40 1 3 1 110
0 4 40 1 3 14 11
7 4 40 -1 3 1 110
5 0 41 2 1 3 55
3 1 41 1 1 14 55
7 1 41 -1 1 1 110
4 2 41 -1 1 14 55
8 2 41 -1 1 1 110
1 3 41 1 1 7 55
2 4 41 -1 1 7 55
6 0 42 2 1 3 55
4 1 42 1 1 14 55
8 1 42 -1 1 1 110
3 2 42 1 1 14 55
7 2 42 1 1 1 110
2 3 42 1 1 7 55
1 4 42 1 1 7 55
7 0 43 1 1 1 11
5 1 43 2 1 2 33
6 2 43 -2 1 2 33
3 3 43 1 1 7 33
4 4 43 -1 1 7 33
8 0 44 1 1 1 11
6 1 44 2 1 2 33
5 2 44 2 1 2 33
4 3 44 1 1 7 33
3 4 44 1 1 7 33
7 1 45 1 1 1 6
8 2 45 -1 1 1 6
5 3 45 1 1 1 3
6 4 45 -1 1 1 3
8 1 46 1 1 1 6
7 2 46 1 1 1 6
6 3 46 1 1 1 3
5 4 46 1 1 1 3
7 3 47 1 1 1 2
8 4 47 -1 1 1 2
8 3 48 1 1 1 2
7 4 48 1 1 1 2
