0 0 9 -2 3 1 1
1 1 9 -1 3 5 2
2 2 9 -1 3 5 2
1 0 10 -1 2 5 3
0 1 10 1 1 1 6
3 1 10 -1 2 5 6
4 2 10 -1 2 5 6
2 0 11 -1 2 5 3
4 1 11 -1 2 5 6
0 2 11 1 1 1 6
3 2 11 1 2 5 6
3 0 12 -1 1 1 3
1 1 12 1 2 1 6
5 1 12 -1 2 7 6
2 2 12 -1 2 1 6
6 2 12 -1 2 7 6
4 0 13 -1 1 1 3
2 1 13 1 2 1 6
6 1 13 -1 2 7 6
1 2 13 1 2 1 6
5 2 13 1 2 7 6
5 0 14 -1 6 7 1
3 1 14 1 6 1 2
7 1 14 -1 3 7 2
4 2 14 -1 6 1 2
8 2 14 -1 3 7 2
6 0 15 -1 6 7 1
4 1 15 1 6 1 2
8 1 15 -1 3 7 2
3 2 15 1 6 1 2
7 2 15 1 3 7 2
2 1 16 -1 1 -1 2
1 2 16 1 1 -1 2
2 0 17 1 2 -1 5
4 1 17 -3 2 -1 10
0 2 17 -1 1 -1 2
3 2 17 3 2 -1 10
1 0 18 -1 2 -1 5
0 1 18 1 1 -1 2
3 1 18 3 2 -1 10
4 2 18 3 2 -1 10
4 0 19 1 1 -1 5
2 1 19 -3 2 -1 10
6 1 19 -1 2 -7 10
1 2 19 -3 2 -1 10
5 2 19 1 2 -7 10
3 0 20 -1 1 -1 5
1 1 20 3 2 -1 10
5 1 20 1 2 -7 10
2 2 20 -3 2 -1 10
6 2 20 1 2 -7 10
6 0 21 3 2 -1 5
4 1 21 -1 2 -7 10
8 1 21 -1 1 -1 10
3 2 21 -1 2 -7 10
7 2 21 1 1 -1 10
5 0 22 -3 2 -1 5
3 1 22 1 2 -7 10
7 1 22 1 1 -1 10
4 2 22 -1 2 -7 10
8 2 22 1 1 -1 10
8 0 23 2 1 -1 5
6 1 23 -1 1 -1 10
5 2 23 -1 1 -1 10
7 0 24 -2 1 -1 5
5 1 24 1 1 -1 10
6 2 24 -1 1 -1 10
0 0 25 1 3 5 1
1 1 25 -1 3 2 1
2 2 25 -1 3 2 1
1 0 26 2 1 2 15
0 1 26 1 1 1 3
3 1 26 -1 1 1 15
4 2 26 -1 1 1 15
2 0 27 2 1 2 15
4 1 27 -1 1 1 15
0 2 27 1 1 1 3
3 2 27 1 1 1 15
3 0 28 1 1 7 15
1 1 28 1 1 7 30
5 1 28 -1 1 1 30
2 2 28 -1 1 7 30
6 2 28 -1 1 1 30
4 0 29 1 1 7 15
2 1 29 1 1 7 30
6 1 29 -1 1 1 30
1 2 29 1 1 7 30
5 2 29 1 1 1 30
5 0 30 4 3 1 5
3 1 30 1 3 14 5
7 1 30 -1 3 1 10
4 2 30 -1 3 14 5
8 2 30 -1 3 1 10
6 0 31 4 3 1 5
4 1 31 1 3 14 5
8 1 31 -1 3 1 10
3 2 31 1 3 14 5
7 2 31 1 3 1 10
7 0 32 1 1 1 5
5 1 32 1 1 2 5
6 2 32 -1 1 2 5
8 0 33 1 1 1 5
6 1 33 1 1 2 5
5 2 33 1 1 2 5
7 1 34 1 1 1 2
8 2 34 -1 1 1 2
8 1 35 1 1 1 2
7 2 35 1 1 1 2
