0 0 0 -1 1 1 7
1 1 0 -1 1 1 7
2 2 0 -1 1 1 7
3 3 0 -1 1 1 7
4 4 0 -1 1 1 7
5 5 0 -1 1 1 7
6 6 0 -1 1 1 7
2 1 1 -1 2 -1 7
1 2 1 1 2 -1 7
4 3 1 -1 1 -1 7
3 4 1 1 1 -1 7
6 5 1 -3 2 -1 7
5 6 1 3 2 -1 7
2 0 2 1 1 -3 14
4 1 2 1 2 -5 14
0 2 2 -1 1 -3 14
3 2 2 -1 2 -5 14
2 3 2 1 2 -5 14
6 3 2 1 2 -3 14
1 4 2 -1 2 -5 14
5 4 2 -1 2 -3 14
4 5 2 1 2 -3 14
3 6 2 -1 2 -3 14
1 0 3 -1 1 -3 14
0 1 3 1 1 -3 14
3 1 3 -1 2 -5 14
4 2 3 -1 2 -5 14
1 3 3 1 2 -5 14
5 3 3 -1 2 -3 14
2 4 3 1 2 -5 14
6 4 3 -1 2 -3 14
3 5 3 1 2 -3 14
4 6 3 1 2 -3 14
0 0 4 2 1 1 21
1 1 4 1 2 3 7
2 2 4 1 2 3 7
5 5 4 -5 2 1 21
6 6 4 -5 2 1 21
1 0 5 1 1 1 42
0 1 5 1 1 1 42
3 1 5 1 2 5 14
4 2 5 1 2 5 14
1 3 5 1 2 5 14
5 3 5 5 2 1 42
2 4 5 1 2 5 14
6 4 5 5 2 1 42
3 5 5 5 2 1 42
4 6 5 5 2 1 42
2 0 6 1 1 1 42
4 1 6 1 2 5 14
0 2 6 1 1 1 42
3 2 6 -1 2 5 14
2 3 6 -1 2 5 14
6 3 6 5 2 1 42
1 4 6 1 2 5 14
5 4 6 -5 2 1 42
4 5 6 -5 2 1 42
3 6 6 5 2 1 42
3 0 7 -1 1 5 21
1 1 7 1 1 1 7
5 1 7 -1 2 5 21
2 2 7 -1 1 1 7
6 2 7 -1 2 5 21
0 3 7 -1 1 5 21
1 5 7 -1 2 5 21
2 6 7 -1 2 5 21
4 0 8 -1 1 5 21
2 1 8 1 1 1 7
6 1 8 -1 2 5 21
1 2 8 1 1 1 7
5 2 8 1 2 5 21
0 4 8 -1 1 5 21
2 5 8 1 2 5 21
1 6 8 -1 2 5 21
2 1 9 1 1 -1 6
1 2 9 -1 1 -1 6
4 3 9 1 1 -1 6
3 4 9 -1 1 -1 6
6 5 9 -1 1 -1 6
5 6 9 1 1 -1 6
2 0 10 -1 1 -1 6
0 2 10 1 1 -1 6
6 3 10 1 1 -1 6
5 4 10 -1 1 -1 6
4 5 10 1 1 -1 6
3 6 10 -1 1 -1 6
1 0 11 1 1 -1 6
0 1 11 -1 1 -1 6
5 3 11 -1 1 -1 6
6 4 11 -1 1 -1 6
3 5 11 1 1 -1 6
4 6 11 1 1 -1 6
4 0 12 -1 1 -1 6
6 1 12 -1 1 -1 6
5 2 12 1 1 -1 6
0 4 12 1 1 -1 6
2 5 12 -1 1 -1 6
1 6 12 1 1 -1 6
3 0 13 1 1 -1 6
5 1 13 1 1 -1 6
6 2 13 1 1 -1 6
0 3 13 -1 1 -1 6
1 5 13 -1 1 -1 6
2 6 13 -1 1 -1 6
6 0 14 1 1 -1 6
4 1 14 -1 1 -1 6
3 2 14 -1 1 -1 6
2 3 14 1 1 -1 6
1 4 14 1 1 -1 6
0 6 14 -1 1 -1 6
5 0 15 -1 1 -1 6
3 1 15 1 1 -1 6
4 2 15 -1 1 -1 6
1 3 15 -1 1 -1 6
2 4 15 1 1 -1 6
0 5 15 1 1 -1 6
0 0 16 -3 1 2 77
1 1 16 -1 1 1 154
2 2 16 -1 1 1 154
3 3 16 1 1 7 22
4 4 16 1 1 7 22
5 5 16 -3 1 1 154
6 6 16 -3 1 1 154
1 0 17 -1 1 15 154
0 1 17 -1 1 15 154
3 1 17 -2 1 2 77
4 2 17 -2 1 2 77
1 3 17 -2 1 2 77
5 3 17 1 1 15 154
2 4 17 -2 1 2 77
6 4 17 1 1 15 154
3 5 17 1 1 15 154
4 6 17 1 1 15 154
2 0 18 -1 1 15 154
4 1 18 -2 1 2 77
0 2 18 -1 1 15 154
3 2 18 2 1 2 77
2 3 18 2 1 2 77
6 3 18 1 1 15 154
1 4 18 -2 1 2 77
5 4 18 -1 1 15 154
4 5 18 -1 1 15 154
3 6 18 1 1 15 154
3 0 19 1 1 3 154
1 1 19 -1 1 10 77
5 1 19 -3 1 3 154
2 2 19 1 1 10 77
6 2 19 -3 1 3 154
0 3 19 1 1 3 154
1 5 19 -3 1 3 154
2 6 19 -3 1 3 154
4 0 20 1 1 3 154
2 1 20 -1 1 10 77
6 1 20 -3 1 3 154
1 2 20 -1 1 10 77
5 2 20 3 1 3 154
0 4 20 1 1 3 154
2 5 20 3 1 3 154
1 6 20 -3 1 3 154
5 0 21 3 1 1 22
3 1 21 -1 1 1 22
4 2 21 1 1 1 22
1 3 21 -1 1 1 22
2 4 21 1 1 1 22
0 5 21 3 1 1 22
6 0 22 3 1 1 22
4 1 22 -1 1 1 22
3 2 22 -1 1 1 22
2 3 22 -1 1 1 22
1 4 22 -1 1 1 22
0 6 22 3 1 1 22
5 1 23 1 1 3 22
6 2 23 -1 1 3 22
3 3 23 -1 1 5 22
4 4 23 1 1 5 22
1 5 23 1 1 3 22
2 6 23 -1 1 3 22
6 1 24 1 1 3 22
5 2 24 1 1 3 22
4 3 24 -1 1 5 22
3 4 24 -1 1 5 22
2 5 24 1 1 3 22
1 6 24 1 1 3 22
2 1 25 -5 2 -1 21
1 2 25 5 2 -1 21
4 3 25 2 1 -1 21
3 4 25 -2 1 -1 21
6 5 25 -1 2 -1 21
5 6 25 1 2 -1 21
2 0 26 1 1 -5 42
4 1 26 -3 2 -1 14
0 2 26 -1 1 -5 42
3 2 26 3 2 -1 14
2 3 26 -3 2 -1 14
6 3 26 1 2 -5 42
1 4 26 3 2 -1 14
5 4 26 -1 2 -5 42
4 5 26 1 2 -5 42
3 6 26 -1 2 -5 42
1 0 27 -1 1 -5 42
0 1 27 1 1 -5 42
3 1 27 3 2 -1 14
4 2 27 3 2 -1 14
1 3 27 -3 2 -1 14
5 3 27 -1 2 -5 42
2 4 27 -3 2 -1 14
6 4 27 -1 2 -5 42
3 5 27 1 2 -5 42
4 6 27 1 2 -5 42
4 0 28 1 1 -1 3
6 1 28 -1 2 -1 3
5 2 28 1 2 -1 3
0 4 28 -1 1 -1 3
2 5 28 -1 2 -1 3
1 6 28 1 2 -1 3
3 0 29 -1 1 -1 3
5 1 29 1 2 -1 3
6 2 29 1 2 -1 3
0 3 29 1 1 -1 3
1 5 29 -1 2 -1 3
2 6 29 -1 2 -1 3
6 0 30 1 1 -1 3
4 1 30 1 2 -1 3
3 2 30 1 2 -1 3
2 3 30 -1 2 -1 3
1 4 30 -1 2 -1 3
0 6 30 -1 1 -1 3
5 0 31 -1 1 -1 3
3 1 31 -1 2 -1 3
4 2 31 1 2 -1 3
1 3 31 1 2 -1 3
2 4 31 -1 2 -1 3
0 5 31 1 1 -1 3
6 1 32 1 2 -1 1
5 2 32 1 2 -1 1
2 5 32 -1 2 -1 1
1 6 32 -1 2 -1 1
5 1 33 -1 2 -1 1
6 2 33 1 2 -1 1
1 5 33 1 2 -1 1
2 6 33 -1 2 -1 1
6 3 34 1 2 -1 1
5 4 34 1 2 -1 1
4 5 34 -1 2 -1 1
3 6 34 -1 2 -1 1
5 3 35 -1 2 -1 1
6 4 35 1 2 -1 1
3 5 35 1 2 -1 1
4 6 35 -1 2 -1 1
0 0 36 10 1 1 231
1 1 36 -5 2 3 77
2 2 36 -5 2 3 77
3 3 36 1 1 3 77
4 4 36 1 1 3 77
5 5 36 -1 2 1 231
6 6 36 -1 2 1 231
1 0 37 5 1 1 66
0 1 37 5 1 1 66
3 1 37 -1 2 5 22
4 2 37 -1 2 5 22
1 3 37 -1 2 5 22
5 3 37 1 2 1 66
2 4 37 -1 2 5 22
6 4 37 1 2 1 66
3 5 37 1 2 1 66
4 6 37 1 2 1 66
2 0 38 5 1 1 66
4 1 38 -1 2 5 22
0 2 38 5 1 1 66
3 2 38 1 2 5 22
2 3 38 1 2 5 22
6 3 38 1 2 1 66
1 4 38 -1 2 5 22
5 4 38 -1 2 1 66
4 5 38 -1 2 1 66
3 6 38 1 2 1 66
3 0 39 2 1 2 33
1 1 39 1 1 5 22
5 1 39 -1 1 1 66
2 2 39 -1 1 5 22
6 2 39 -1 1 1 66
0 3 39 2 1 2 33
1 5 39 -1 1 1 66
2 6 39 -1 1 1 66
4 0 40 2 1 2 33
2 1 40 1 1 5 22
6 1 40 -1 1 1 66
1 2 40 1 1 5 22
5 2 40 1 1 1 66
0 4 40 2 1 2 33
2 5 40 1 1 1 66
1 6 40 -1 1 1 66
5 0 41 1 1 1 11
3 1 41 3 2 1 11
4 2 41 -3 2 1 11
1 3 41 3 2 1 11
2 4 41 -3 2 1 11
0 5 41 1 1 1 11
6 0 42 1 1 1 11
4 1 42 3 2 1 11
3 2 42 3 2 1 11
2 3 42 3 2 1 11
1 4 42 3 2 1 11
0 6 42 1 1 1 11
5 1 43 1 2 5 11
6 2 43 -1 2 5 11
3 3 43 1 1 3 11
4 4 43 -1 1 3 11
1 5 43 1 2 5 11
2 6 43 -1 2 5 11
6 1 44 1 2 5 11
5 2 44 1 2 5 11
4 3 44 1 1 3 11
3 4 44 1 1 3 11
2 5 44 1 2 5 11
1 6 44 1 2 5 11
5 3 45 1 2 1 1
6 4 45 -1 2 1 1
3 5 45 1 2 1 1
4 6 45 -1 2 1 1
6 3 46 1 2 1 1
5 4 46 1 2 1 1
4 5 46 1 2 1 1
3 6 46 1 2 1 1
5 5 47 1 1 1 2
6 6 47 -1 1 1 2
6 5 48 1 1 1 2
5 6 48 1 1 1 2
