0 0 1 -2 1 1 21
1 1 1 -1 2 5 7
2 2 1 -1 2 5 7
3 3 1 -1 1 1 7
4 4 1 -1 1 1 7
5 5 1 -1 2 1 3
6 6 1 -1 2 1 3
1 0 2 1 1 1 14
0 1 2 -1 1 5 42
3 1 2 1 2 1 14
4 2 2 1 2 1 14
1 3 2 -1 2 5 14
5 3 2 1 2 1 42
2 4 2 -1 2 5 14
6 4 2 1 2 1 42
3 5 2 -1 2 1 2
4 6 2 -1 2 1 2
5 7 2 -1 1 1 6
6 8 2 -1 1 1 6
2 0 3 1 1 1 14
4 1 3 1 2 1 14
0 2 3 -1 1 5 42
3 2 3 -1 2 1 14
2 3 3 1 2 5 14
6 3 3 1 2 1 42
1 4 3 -1 2 5 14
5 4 3 -1 2 1 42
4 5 3 1 2 1 2
3 6 3 -1 2 1 2
6 7 3 1 1 1 6
5 8 3 -1 1 1 6
2 1 4 -1 2 -5 21
1 2 4 1 2 -5 21
4 3 4 -2 1 -1 21
3 4 4 2 1 -1 21
6 5 4 -1 2 -1 1
5 6 4 1 2 -1 1
2 0 5 5 3 -1 14
4 1 5 1 6 -7 2
0 2 5 -1 1 -5 42
3 2 5 -1 6 -7 2
2 3 5 1 6 -5 14
6 3 5 1 2 -3 14
1 4 5 -1 6 -5 14
5 4 5 -1 2 -3 14
4 5 5 -1 6 -1 2
3 6 5 1 6 -1 2
6 7 5 -1 1 -1 6
5 8 5 1 1 -1 6
1 0 6 -5 3 -1 14
0 1 6 1 1 -5 42
3 1 6 -1 6 -7 2
4 2 6 -1 6 -7 2
1 3 6 1 6 -5 14
5 3 6 -1 2 -3 14
2 4 6 1 6 -5 14
6 4 6 -1 2 -3 14
3 5 6 -1 6 -1 2
4 6 6 -1 6 -1 2
5 7 6 -1 1 -1 6
6 8 6 -1 1 -1 6
4 0 7 -1 3 -5 7
2 1 7 1 3 -5 7
6 1 7 -1 2 -1 21
1 2 7 1 3 -5 7
5 2 7 1 2 -1 21
0 4 7 -1 1 -5 21
2 5 7 1 6 -5 1
1 6 7 -1 6 -5 1
4 7 7 1 3 -1 1
3 8 7 -1 3 -1 1
3 0 8 1 3 -5 7
1 1 8 -1 3 -5 7
5 1 8 1 2 -1 21
2 2 8 1 3 -5 7
6 2 8 1 2 -1 21
0 3 8 1 1 -5 21
1 5 8 1 6 -5 1
2 6 8 1 6 -5 1
3 7 8 1 3 -1 1
4 8 8 1 3 -1 1
0 0 9 1 1 2 11
1 1 9 1 1 5 66
2 2 9 1 1 5 66
3 3 9 -1 1 1 66
4 4 9 -1 1 1 66
5 5 9 -1 1 7 22
6 6 9 -1 1 7 22
1 0 10 1 3 1 22
0 1 10 1 1 5 66
3 1 10 2 3 2 11
4 2 10 2 3 2 11
1 3 10 1 3 10 11
5 3 10 1 1 3 22
2 4 10 1 3 10 11
6 4 10 1 1 3 22
3 5 10 1 3 7 22
4 6 10 1 3 7 22
5 7 10 -1 1 7 66
6 8 10 -1 1 7 66
2 0 11 1 3 1 22
4 1 11 2 3 2 11
0 2 11 1 1 5 66
3 2 11 -2 3 2 11
2 3 11 -1 3 10 11
6 3 11 1 1 3 22
1 4 11 1 3 10 11
5 4 11 -1 1 3 22
4 5 11 -1 3 7 22
3 6 11 1 3 7 22
6 7 11 1 1 7 66
5 8 11 -1 1 7 66
3 0 12 -7 3 1 22
1 1 12 2 3 2 11
5 1 12 -1 1 5 66
2 2 12 -2 3 2 11
6 2 12 -1 1 5 66
0 3 12 -1 1 1 66
1 5 12 1 3 7 22
2 6 12 1 3 7 22
3 7 12 1 3 35 22
4 8 12 1 3 35 22
4 0 13 -7 3 1 22
2 1 13 2 3 2 11
6 1 13 -1 1 5 66
1 2 13 2 3 2 11
5 2 13 1 1 5 66
0 4 13 -1 1 1 66
2 5 13 -1 3 7 22
1 6 13 1 3 7 22
4 7 13 -1 3 35 22
3 8 13 1 3 35 22
5 0 14 1 1 1 22
3 1 14 -1 1 5 66
4 2 14 1 1 5 66
1 3 14 1 1 3 22
2 4 14 -1 1 3 22
0 5 14 -1 1 7 22
1 7 14 -1 1 7 66
2 8 14 -1 1 7 66
6 0 15 1 1 1 22
4 1 15 -1 1 5 66
3 2 15 -1 1 5 66
2 3 15 1 1 3 22
1 4 15 1 1 3 22
0 6 15 -1 1 7 22
2 7 15 1 1 7 66
1 8 15 -1 1 7 66
2 1 16 3 1 -3 154
1 2 16 -3 1 -3 154
4 3 16 1 1 -15 154
3 4 16 -1 1 -15 154
6 5 16 -1 1 -5 22
5 6 16 1 1 -5 22
2 0 17 -3 1 -3 154
0 2 17 9 1 -1 770
2 3 17 1 1 -6 385
6 3 17 5 1 -1 154
1 4 17 -1 1 -6 385
5 4 17 -5 1 -1 154
4 5 17 1 1 -3 22
3 6 17 -1 1 -3 22
6 7 17 -1 1 -1 22
5 8 17 1 1 -1 22
1 0 18 3 1 -3 154
0 1 18 -9 1 -1 770
1 3 18 1 1 -6 385
5 3 18 -5 1 -1 154
2 4 18 1 1 -6 385
6 4 18 -5 1 -1 154
3 5 18 1 1 -3 22
4 6 18 1 1 -3 22
5 7 18 -1 1 -1 22
6 8 18 -1 1 -1 22
4 0 19 -1 1 -15 154
2 1 19 -1 1 -6 385
6 1 19 -5 1 -1 154
1 2 19 -1 1 -6 385
5 2 19 5 1 -1 154
0 4 19 13 1 -1 770
2 5 19 -1 1 -3 110
1 6 19 1 1 -3 110
4 7 19 1 1 -3 22
3 8 19 -1 1 -3 22
3 0 20 1 1 -15 154
1 1 20 1 1 -6 385
5 1 20 5 1 -1 154
2 2 20 -1 1 -6 385
6 2 20 5 1 -1 154
0 3 20 -13 1 -1 770
1 5 20 -1 1 -3 110
2 6 20 -1 1 -3 110
3 7 20 1 1 -3 22
4 8 20 1 1 -3 22
6 0 21 1 1 -5 22
4 1 21 -1 1 -3 22
3 2 21 -1 1 -3 22
2 3 21 1 1 -3 110
1 4 21 1 1 -3 110
0 6 21 1 1 -7 110
2 7 21 -1 1 -21 110
1 8 21 1 1 -21 110
5 0 22 -1 1 -5 22
3 1 22 1 1 -3 22
4 2 22 -1 1 -3 22
1 3 22 -1 1 -3 110
2 4 22 1 1 -3 110
0 5 22 -1 1 -7 110
1 7 22 -1 1 -21 110
2 8 22 -1 1 -21 110
6 1 23 1 1 -1 22
5 2 23 1 1 -1 22
4 3 23 -1 1 -3 22
3 4 23 -1 1 -3 22
2 5 23 1 1 -21 110
1 6 23 1 1 -21 110
0 8 23 -1 1 -14 55
5 1 24 -1 1 -1 22
6 2 24 1 1 -1 22
3 3 24 1 1 -3 22
4 4 24 -1 1 -3 22
1 5 24 -1 1 -21 110
2 6 24 1 1 -21 110
0 7 24 1 1 -14 55
0 0 25 -2 1 5 91
1 1 25 -1 2 1 273
2 2 25 -1 2 1 273
3 3 25 4 1 5 273
4 4 25 4 1 5 273
5 5 25 -1 2 5 13
6 6 25 -1 2 5 13
1 0 26 -11 3 1 182
0 1 26 -19 1 1 2730
3 1 26 -25 6 1 182
4 2 26 -25 6 1 182
1 3 26 -43 6 1 910
5 3 26 5 2 3 182
2 4 26 -43 6 1 910
6 4 26 5 2 3 182
3 5 26 11 6 1 26
4 6 26 11 6 1 26
5 7 26 -1 1 1 78
6 8 26 -1 1 1 78
2 0 27 -11 3 1 182
4 1 27 -25 6 1 182
0 2 27 -19 1 1 2730
3 2 27 25 6 1 182
2 3 27 43 6 1 910
6 3 27 5 2 3 182
1 4 27 -43 6 1 910
5 4 27 -5 2 3 182
4 5 27 -11 6 1 26
3 6 27 11 6 1 26
6 7 27 1 1 1 78
5 8 27 -1 1 1 78
3 0 28 1 3 5 13
1 1 28 -8 3 1 65
5 1 28 -5 2 1 39
2 2 28 8 3 1 65
6 2 28 -5 2 1 39
0 3 28 -1 1 1 195
1 5 28 -7 6 7 65
2 6 28 -7 6 7 65
3 7 28 1 3 7 13
4 8 28 1 3 7 13
4 0 29 1 3 5 13
2 1 29 -8 3 1 65
6 1 29 -5 2 1 39
1 2 29 -8 3 1 65
5 2 29 5 2 1 39
0 4 29 -1 1 1 195
2 5 29 7 6 7 65
1 6 29 -7 6 7 65
4 7 29 -1 3 7 13
3 8 29 1 3 7 13
5 0 30 1 1 5 13
3 1 30 -1 2 1 39
4 2 30 1 2 1 39
1 3 30 -3 2 3 65
2 4 30 3 2 3 65
0 5 30 1 1 7 65
1 7 30 -2 1 7 195
2 8 30 -2 1 7 195
6 0 31 1 1 5 13
4 1 31 -1 2 1 39
3 2 31 -1 2 1 39
2 3 31 -3 2 3 65
1 4 31 -3 2 3 65
0 6 31 1 1 7 65
2 7 31 2 1 7 195
1 8 31 -2 1 7 195
5 1 32 3 2 1 13
6 2 32 -3 2 1 13
3 3 32 -2 1 1 39
4 4 32 2 1 1 39
1 5 32 -1 2 7 195
2 6 32 1 2 7 195
0 7 32 2 1 7 65
6 1 33 3 2 1 13
5 2 33 3 2 1 13
4 3 33 -2 1 1 39
3 4 33 -2 1 1 39
2 5 33 -1 2 7 195
1 6 33 -1 2 7 195
0 8 33 2 1 7 65
5 3 34 1 2 5 13
6 4 34 -1 2 5 13
3 5 34 -1 2 35 39
4 6 34 1 2 35 39
1 7 34 1 1 7 39
2 8 34 -1 1 7 39
6 3 35 1 2 5 13
5 4 35 1 2 5 13
4 5 35 -1 2 35 39
3 6 35 -1 2 35 39
2 7 35 1 1 7 39
1 8 35 1 1 7 39
2 1 36 -1 2 -35 33
1 2 36 1 2 -35 33
4 3 36 1 1 -7 33
3 4 36 -1 1 -7 33
6 5 36 -1 2 -1 11
5 6 36 1 2 -1 11
2 0 37 5 3 -1 22
4 1 37 -1 6 -11 2
0 2 37 -1 1 -5 66
3 2 37 1 6 -11 2
2 3 37 -5 6 -5 22
6 3 37 1 2 -3 22
1 4 37 5 6 -5 22
5 4 37 -1 2 -3 22
4 5 37 17 6 -1 154
3 6 37 -17 6 -1 154
6 7 37 -1 1 -1 462
5 8 37 1 1 -1 462
1 0 38 -5 3 -1 22
0 1 38 1 1 -5 66
3 1 38 1 6 -11 2
4 2 38 1 6 -11 2
1 3 38 -5 6 -5 22
5 3 38 -1 2 -3 22
2 4 38 -5 6 -5 22
6 4 38 -1 2 -3 22
3 5 38 17 6 -1 154
4 6 38 17 6 -1 154
5 7 38 -1 1 -1 462
6 8 38 -1 1 -1 462
4 0 39 4 3 -2 11
2 1 39 1 3 -1 22
6 1 39 -1 1 -5 66
1 2 39 1 3 -1 22
5 2 39 1 1 -5 66
0 4 39 -2 1 -2 33
2 5 39 -13 3 -1 154
1 6 39 13 3 -1 154
4 7 39 1 3 -10 77
3 8 39 -1 3 -10 77
3 0 40 -4 3 -2 11
1 1 40 -1 3 -1 22
5 1 40 1 1 -5 66
2 2 40 1 3 -1 22
6 2 40 1 1 -5 66
0 3 40 2 1 -2 33
1 5 40 -13 3 -1 154
2 6 40 -13 3 -1 154
3 7 40 1 3 -10 77
4 8 40 1 3 -10 77
6 0 41 1 1 -3 11
4 1 41 1 2 -5 11
3 2 41 1 2 -5 11
2 3 41 -1 2 -1 11
1 4 41 -1 2 -1 11
0 6 41 -3 1 -3 77
2 7 41 -2 1 -1 77
1 8 41 2 1 -1 77
5 0 42 -1 1 -3 11
3 1 42 -1 2 -5 11
4 2 42 1 2 -5 11
1 3 42 1 2 -1 11
2 4 42 -1 2 -1 11
0 5 42 3 1 -3 77
1 7 42 -2 1 -1 77
2 8 42 -2 1 -1 77
6 1 43 3 2 -1 11
5 2 43 3 2 -1 11
4 3 43 1 1 -1 33
3 4 43 1 1 -1 33
2 5 43 -5 2 -5 231
1 6 43 -5 2 -5 231
0 8 43 -2 1 -5 77
5 1 44 -3 2 -1 11
6 2 44 3 2 -1 11
3 3 44 -1 1 -1 33
4 4 44 1 1 -1 33
1 5 44 5 2 -5 231
2 6 44 -5 2 -5 231
0 7 44 2 1 -5 77
6 3 45 1 2 -1 1
5 4 45 1 2 -1 1
4 5 45 -1 2 -1 21
3 6 45 -1 2 -1 21
2 7 45 -1 1 -5 21
1 8 45 -1 1 -5 21
5 3 46 -1 2 -1 1
6 4 46 1 2 -1 1
3 5 46 1 2 -1 21
4 6 46 -1 2 -1 21
1 7 46 1 1 -5 21
2 8 46 -1 1 -5 21
6 5 47 1 1 -3 14
5 6 47 1 1 -3 14
4 7 47 -1 1 -2 7
3 8 47 -1 1 -2 7
5 5 48 -1 1 -3 14
6 6 48 1 1 -3 14
3 7 48 1 1 -2 7
4 8 48 -1 1 -2 7
0 0 49 5 1 7 429
1 1 49 -1 1 35 143
2 2 49 -1 1 35 143
3 3 49 1 1 7 143
4 4 49 1 1 7 143
5 5 49 -1 1 1 429
6 6 49 -1 1 1 429
1 0 50 5 1 2 143
0 1 50 4 1 10 429
3 1 50 -2 1 2 143
4 2 50 -2 1 2 143
1 3 50 -1 1 10 143
5 3 50 1 1 2 429
2 4 50 -1 1 10 143
6 4 50 1 1 2 429
3 5 50 2 1 2 1001
4 6 50 2 1 2 1001
5 7 50 -1 1 1 6006
6 8 50 -1 1 1 6006
2 0 51 5 1 2 143
4 1 51 -2 1 2 143
0 2 51 4 1 10 429
3 2 51 2 1 2 143
2 3 51 1 1 10 143
6 3 51 1 1 2 429
1 4 51 -1 1 10 143
5 4 51 -1 1 2 429
4 5 51 -2 1 2 1001
3 6 51 2 1 2 1001
6 7 51 1 1 1 6006
5 8 51 -1 1 1 6006
3 0 52 1 1 30 143
1 1 52 1 1 30 143
5 1 52 -1 1 2 143
2 2 52 -1 1 30 143
6 2 52 -1 1 2 143
0 3 52 2 1 10 143
1 5 52 -1 1 30 1001
2 6 52 -1 1 30 1001
3 7 52 1 1 3 2002
4 8 52 1 1 3 2002
4 0 53 1 1 30 143
2 1 53 1 1 30 143
6 1 53 -1 1 2 143
1 2 53 1 1 30 143
5 2 53 1 1 2 143
0 4 53 2 1 10 143
2 5 53 1 1 30 1001
1 6 53 -1 1 30 1001
4 7 53 -1 1 3 2002
3 8 53 1 1 3 2002
5 0 54 1 1 10 143
3 1 54 2 1 6 143
4 2 54 -2 1 6 143
1 3 54 1 1 30 143
2 4 54 -1 1 30 143
0 5 54 4 1 10 1001
1 7 54 -1 1 15 2002
2 8 54 -1 1 15 2002
6 0 55 1 1 10 143
4 1 55 2 1 6 143
3 2 55 2 1 6 143
2 3 55 1 1 30 143
1 4 55 1 1 30 143
0 6 55 4 1 10 1001
2 7 55 1 1 15 2002
1 8 55 -1 1 15 2002
5 1 56 1 1 1 13
6 2 56 -1 1 1 13
3 3 56 1 1 3 13
4 4 56 -1 1 3 13
1 5 56 1 1 15 91
2 6 56 -1 1 15 91
0 7 56 1 1 5 91
6 1 57 1 1 1 13
5 2 57 1 1 1 13
4 3 57 1 1 3 13
3 4 57 1 1 3 13
2 5 57 1 1 15 91
1 6 57 1 1 15 91
0 8 57 1 1 5 91
5 3 58 1 1 2 13
6 4 58 -1 1 2 13
3 5 58 2 1 6 91
4 6 58 -2 1 6 91
1 7 58 1 1 15 182
2 8 58 -1 1 15 182
6 3 59 1 1 2 13
5 4 59 1 1 2 13
4 5 59 2 1 6 91
3 6 59 2 1 6 91
2 7 59 1 1 15 182
1 8 59 1 1 15 182
5 5 60 1 1 2 7
6 6 60 -1 1 2 7
3 7 60 1 1 3 14
4 8 60 -1 1 3 14
6 5 61 1 1 2 7
5 6 61 1 1 2 7
4 7 61 1 1 3 14
3 8 61 1 1 3 14
5 7 62 1 1 1 2
6 8 62 -1 1 1 2
6 7 63 1 1 1 2
5 8 63 1 1 1 2
