0 0 4 -1 1 3 7
1 1 4 -1 1 2 7
2 2 4 -1 1 2 7
1 0 5 -2 1 2 21
0 1 5 1 1 1 7
3 1 5 -1 1 5 21
4 2 5 -1 1 5 21
2 0 6 -2 1 2 21
4 1 6 -1 1 5 21
0 2 6 1 1 1 7
3 2 6 1 1 5 21
3 0 7 -1 1 5 21
1 1 7 1 1 1 42
5 1 7 -1 1 5 14
2 2 7 -1 1 1 42
6 2 7 -1 1 5 14
4 0 8 -1 1 5 21
2 1 8 1 1 1 42
6 1 8 -1 1 5 14
1 2 8 1 1 1 42
5 2 8 1 1 5 14
2 1 9 -1 1 -1 2
1 2 9 1 1 -1 2
2 0 10 1 2 -1 3
4 1 10 -1 2 -5 6
0 2 10 -1 1 -1 2
3 2 10 1 2 -5 6
1 0 11 -1 2 -1 3
0 1 11 1 1 -1 2
3 1 11 1 2 -5 6
4 2 11 1 2 -5 6
4 0 12 1 1 -1 3
2 1 12 -1 2 -5 6
6 1 12 -1 2 -1 2
1 2 12 -1 2 -5 6
5 2 12 1 2 -1 2
3 0 13 -1 1 -1 3
1 1 13 1 2 -5 6
5 1 13 1 2 -1 2
2 2 13 -1 2 -5 6
6 2 13 1 2 -1 2
6 0 14 1 2 -3 1
4 1 14 -1 2 -1 2
3 2 14 -1 2 -1 2
5 0 15 -1 2 -3 1
3 1 15 1 2 -1 2
4 2 15 -1 2 -1 2
0 0 16 2 1 1 7
1 1 16 -1 1 3 14
2 2 16 -1 1 3 14
1 0 17 1 2 15 7
0 1 17 1 1 5 14
3 1 17 -1 2 3 14
4 2 17 -1 2 3 14
2 0 18 1 2 15 7
4 1 18 -1 2 3 14
0 2 18 1 1 5 14
3 2 18 1 2 3 14
3 0 19 1 1 3 7
1 1 19 1 2 15 14
5 1 19 -1 2 1 14
2 2 19 -1 2 15 14
6 2 19 -1 2 1 14
4 0 20 1 1 3 7
2 1 20 1 2 15 14
6 1 20 -1 2 1 14
1 2 20 1 2 15 14
5 2 20 1 2 1 14
5 0 21 1 2 1 1
3 1 21 1 2 3 2
4 2 21 -1 2 3 2
6 0 22 1 2 1 1
4 1 22 1 2 3 2
3 2 22 1 2 3 2
5 1 23 1 1 1 2
6 2 23 -1 1 1 2
6 1 24 1 1 1 2
5 2 24 1 1 1 2
