0 0 1 -2 1 1 21
1 1 1 -1 2 5 7
2 2 1 -1 2 5 7
3 3 1 -1 1 1 7
4 4 1 -1 1 1 7
5 5 1 -1 2 1 3
6 6 1 -1 2 1 3
1 0 2 -1 1 5 42
0 1 2 1 1 1 14
3 1 2 -1 2 5 14
4 2 2 -1 2 5 14
1 3 2 1 2 1 14
5 3 2 -1 2 1 2
2 4 2 1 2 1 14
6 4 2 -1 2 1 2
3 5 2 1 2 1 42
7 5 2 -1 1 1 6
4 6 2 1 2 1 42
8 6 2 -1 1 1 6
2 0 3 -1 1 5 42
4 1 3 -1 2 5 14
0 2 3 1 1 1 14
3 2 3 1 2 5 14
2 3 3 -1 2 1 14
6 3 3 -1 2 1 2
1 4 3 1 2 1 14
5 4 3 1 2 1 2
4 5 3 -1 2 1 42
8 5 3 -1 1 1 6
3 6 3 1 2 1 42
7 6 3 1 1 1 6
2 1 4 -1 2 -5 21
1 2 4 1 2 -5 21
4 3 4 -2 1 -1 21
3 4 4 2 1 -1 21
6 5 4 -1 2 -1 1
5 6 4 1 2 -1 1
2 0 5 1 1 -5 42
4 1 5 1 6 -5 14
0 2 5 -5 3 -1 14
3 2 5 -1 6 -5 14
2 3 5 1 6 -7 2
6 3 5 -1 6 -1 2
1 4 5 -1 6 -7 2
5 4 5 1 6 -1 2
4 5 5 1 2 -3 14
8 5 5 -1 1 -1 6
3 6 5 -1 2 -3 14
7 6 5 1 1 -1 6
1 0 6 -1 1 -5 42
0 1 6 5 3 -1 14
3 1 6 -1 6 -5 14
4 2 6 -1 6 -5 14
1 3 6 1 6 -7 2
5 3 6 1 6 -1 2
2 4 6 1 6 -7 2
6 4 6 1 6 -1 2
3 5 6 1 2 -3 14
7 5 6 1 1 -1 6
4 6 6 1 2 -3 14
8 6 6 1 1 -1 6
4 0 7 1 1 -5 21
2 1 7 -1 3 -5 7
6 1 7 1 6 -5 1
1 2 7 -1 3 -5 7
5 2 7 -1 6 -5 1
8 3 7 1 3 -1 1
0 4 7 1 3 -5 7
7 4 7 -1 3 -1 1
2 5 7 -1 2 -1 21
1 6 7 1 2 -1 21
3 0 8 -1 1 -5 21
1 1 8 1 3 -5 7
5 1 8 -1 6 -5 1
2 2 8 -1 3 -5 7
6 2 8 -1 6 -5 1
0 3 8 -1 3 -5 7
7 3 8 -1 3 -1 1
8 4 8 -1 3 -1 1
1 5 8 -1 2 -1 21
2 6 8 -1 2 -1 21
0 0 9 1 1 2 11
1 1 9 1 1 5 66
2 2 9 1 1 5 66
3 3 9 -1 1 1 66
4 4 9 -1 1 1 66
5 5 9 -1 1 7 22
6 6 9 -1 1 7 22
1 0 10 1 1 5 66
0 1 10 1 3 1 22
3 1 10 1 3 10 11
4 2 10 1 3 10 11
1 3 10 2 3 2 11
5 3 10 1 3 7 22
2 4 10 2 3 2 11
6 4 10 1 3 7 22
3 5 10 1 1 3 22
7 5 10 -1 1 7 66
4 6 10 1 1 3 22
8 6 10 -1 1 7 66
2 0 11 1 1 5 66
4 1 11 1 3 10 11
0 2 11 1 3 1 22
3 2 11 -1 3 10 11
2 3 11 -2 3 2 11
6 3 11 1 3 7 22
1 4 11 2 3 2 11
5 4 11 -1 3 7 22
4 5 11 -1 1 3 22
8 5 11 -1 1 7 66
3 6 11 1 1 3 22
7 6 11 1 1 7 66
3 0 12 -1 1 1 66
1 1 12 2 3 2 11
5 1 12 1 3 7 22
2 2 12 -2 3 2 11
6 2 12 1 3 7 22
0 3 12 -7 3 1 22
7 3 12 1 3 35 22
8 4 12 1 3 35 22
1 5 12 -1 1 5 66
2 6 12 -1 1 5 66
4 0 13 -1 1 1 66
2 1 13 2 3 2 11
6 1 13 1 3 7 22
1 2 13 2 3 2 11
5 2 13 -1 3 7 22
8 3 13 1 3 35 22
0 4 13 -7 3 1 22
7 4 13 -1 3 35 22
2 5 13 1 1 5 66
1 6 13 -1 1 5 66
5 0 14 -1 1 7 22
3 1 14 1 1 3 22
7 1 14 -1 1 7 66
4 2 14 -1 1 3 22
8 2 14 -1 1 7 66
1 3 14 -1 1 5 66
2 4 14 1 1 5 66
0 5 14 1 1 1 22
6 0 15 -1 1 7 22
4 1 15 1 1 3 22
8 1 15 -1 1 7 66
3 2 15 1 1 3 22
7 2 15 1 1 7 66
2 3 15 -1 1 5 66
1 4 15 -1 1 5 66
0 6 15 1 1 1 22
2 1 16 3 1 -3 154
1 2 16 -3 1 -3 154
4 3 16 1 1 -15 154
3 4 16 -1 1 -15 154
6 5 16 -1 1 -5 22
5 6 16 1 1 -5 22
2 0 17 -9 1 -1 770
4 1 17 1 1 -6 385
0 2 17 3 1 -3 154
3 2 17 -1 1 -6 385
6 3 17 1 1 -3 22
5 4 17 -1 1 -3 22
4 5 17 5 1 -1 154
8 5 17 -1 1 -1 22
3 6 17 -5 1 -1 154
7 6 17 1 1 -1 22
1 0 18 9 1 -1 770
0 1 18 -3 1 -3 154
3 1 18 -1 1 -6 385
4 2 18 -1 1 -6 385
5 3 18 -1 1 -3 22
6 4 18 -1 1 -3 22
3 5 18 5 1 -1 154
7 5 18 1 1 -1 22
4 6 18 5 1 -1 154
8 6 18 1 1 -1 22
4 0 19 -13 1 -1 770
2 1 19 1 1 -6 385
6 1 19 -1 1 -3 110
1 2 19 1 1 -6 385
5 2 19 1 1 -3 110
8 3 19 1 1 -3 22
0 4 19 1 1 -15 154
7 4 19 -1 1 -3 22
2 5 19 -5 1 -1 154
1 6 19 5 1 -1 154
3 0 20 13 1 -1 770
1 1 20 -1 1 -6 385
5 1 20 1 1 -3 110
2 2 20 1 1 -6 385
6 2 20 1 1 -3 110
0 3 20 -1 1 -15 154
7 3 20 -1 1 -3 22
8 4 20 -1 1 -3 22
1 5 20 -5 1 -1 154
2 6 20 -5 1 -1 154
6 0 21 -1 1 -7 110
4 1 21 -1 1 -3 110
8 1 21 -1 1 -21 110
3 2 21 -1 1 -3 110
7 2 21 1 1 -21 110
2 3 21 1 1 -3 22
1 4 21 1 1 -3 22
0 6 21 -1 1 -5 22
5 0 22 1 1 -7 110
3 1 22 1 1 -3 110
7 1 22 1 1 -21 110
4 2 22 -1 1 -3 110
8 2 22 1 1 -21 110
1 3 22 -1 1 -3 22
2 4 22 1 1 -3 22
0 5 22 1 1 -5 22
8 0 23 1 1 -14 55
6 1 23 -1 1 -21 110
5 2 23 -1 1 -21 110
4 3 23 1 1 -3 22
3 4 23 1 1 -3 22
2 5 23 -1 1 -1 22
1 6 23 -1 1 -1 22
7 0 24 -1 1 -14 55
5 1 24 1 1 -21 110
6 2 24 -1 1 -21 110
3 3 24 -1 1 -3 22
4 4 24 1 1 -3 22
1 5 24 1 1 -1 22
2 6 24 -1 1 -1 22
0 0 25 -2 1 5 91
1 1 25 -1 2 1 273
2 2 25 -1 2 1 273
3 3 25 4 1 5 273
4 4 25 4 1 5 273
5 5 25 -1 2 5 13
6 6 25 -1 2 5 13
1 0 26 -19 1 1 2730
0 1 26 -11 3 1 182
3 1 26 -43 6 1 910
4 2 26 -43 6 1 910
1 3 26 -25 6 1 182
5 3 26 11 6 1 26
2 4 26 -25 6 1 182
6 4 26 11 6 1 26
3 5 26 5 2 3 182
7 5 26 -1 1 1 78
4 6 26 5 2 3 182
8 6 26 -1 1 1 78
2 0 27 -19 1 1 2730
4 1 27 -43 6 1 910
0 2 27 -11 3 1 182
3 2 27 43 6 1 910
2 3 27 25 6 1 182
6 3 27 11 6 1 26
1 4 27 -25 6 1 182
5 4 27 -11 6 1 26
4 5 27 -5 2 3 182
8 5 27 -1 1 1 78
3 6 27 5 2 3 182
7 6 27 1 1 1 78
3 0 28 -1 1 1 195
1 1 28 -8 3 1 65
5 1 28 -7 6 7 65
2 2 28 8 3 1 65
6 2 28 -7 6 7 65
0 3 28 1 3 5 13
7 3 28 1 3 7 13
8 4 28 1 3 7 13
1 5 28 -5 2 1 39
2 6 28 -5 2 1 39
4 0 29 -1 1 1 195
2 1 29 -8 3 1 65
6 1 29 -7 6 7 65
1 2 29 -8 3 1 65
5 2 29 7 6 7 65
8 3 29 1 3 7 13
0 4 29 1 3 5 13
7 4 29 -1 3 7 13
2 5 29 5 2 1 39
1 6 29 -5 2 1 39
5 0 30 1 1 7 65
3 1 30 -3 2 3 65
7 1 30 -2 1 7 195
4 2 30 3 2 3 65
8 2 30 -2 1 7 195
1 3 30 -1 2 1 39
2 4 30 1 2 1 39
0 5 30 1 1 5 13
6 0 31 1 1 7 65
4 1 31 -3 2 3 65
8 1 31 -2 1 7 195
3 2 31 -3 2 3 65
7 2 31 2 1 7 195
2 3 31 -1 2 1 39
1 4 31 -1 2 1 39
0 6 31 1 1 5 13
7 0 32 2 1 7 65
5 1 32 -1 2 7 195
6 2 32 1 2 7 195
3 3 32 -2 1 1 39
4 4 32 2 1 1 39
1 5 32 3 2 1 13
2 6 32 -3 2 1 13
8 0 33 2 1 7 65
6 1 33 -1 2 7 195
5 2 33 -1 2 7 195
4 3 33 -2 1 1 39
3 4 33 -2 1 1 39
2 5 33 3 2 1 13
1 6 33 3 2 1 13
7 1 34 1 1 7 39
8 2 34 -1 1 7 39
5 3 34 -1 2 35 39
6 4 34 1 2 35 39
3 5 34 1 2 5 13
4 6 34 -1 2 5 13
8 1 35 1 1 7 39
7 2 35 1 1 7 39
6 3 35 -1 2 35 39
5 4 35 -1 2 35 39
4 5 35 1 2 5 13
3 6 35 1 2 5 13
2 1 36 -1 2 -35 33
1 2 36 1 2 -35 33
4 3 36 1 1 -7 33
3 4 36 -1 1 -7 33
6 5 36 -1 2 -1 11
5 6 36 1 2 -1 11
2 0 37 1 1 -5 66
4 1 37 -5 6 -5 22
0 2 37 -5 3 -1 22
3 2 37 5 6 -5 22
2 3 37 -1 6 -11 2
6 3 37 17 6 -1 154
1 4 37 1 6 -11 2
5 4 37 -17 6 -1 154
4 5 37 1 2 -3 22
8 5 37 -1 1 -1 462
3 6 37 -1 2 -3 22
7 6 37 1 1 -1 462
1 0 38 -1 1 -5 66
0 1 38 5 3 -1 22
3 1 38 5 6 -5 22
4 2 38 5 6 -5 22
1 3 38 -1 6 -11 2
5 3 38 -17 6 -1 154
2 4 38 -1 6 -11 2
6 4 38 -17 6 -1 154
3 5 38 1 2 -3 22
7 5 38 1 1 -1 462
4 6 38 1 2 -3 22
8 6 38 1 1 -1 462
4 0 39 2 1 -2 33
2 1 39 -1 3 -1 22
6 1 39 -13 3 -1 154
1 2 39 -1 3 -1 22
5 2 39 13 3 -1 154
8 3 39 1 3 -10 77
0 4 39 -4 3 -2 11
7 4 39 -1 3 -10 77
2 5 39 -1 1 -5 66
1 6 39 1 1 -5 66
3 0 40 -2 1 -2 33
1 1 40 1 3 -1 22
5 1 40 13 3 -1 154
2 2 40 -1 3 -1 22
6 2 40 13 3 -1 154
0 3 40 4 3 -2 11
7 3 40 -1 3 -10 77
8 4 40 -1 3 -10 77
1 5 40 -1 1 -5 66
2 6 40 -1 1 -5 66
6 0 41 3 1 -3 77
4 1 41 1 2 -1 11
8 1 41 -2 1 -1 77
3 2 41 1 2 -1 11
7 2 41 2 1 -1 77
2 3 41 -1 2 -5 11
1 4 41 -1 2 -5 11
0 6 41 -1 1 -3 11
5 0 42 -3 1 -3 77
3 1 42 -1 2 -1 11
7 1 42 2 1 -1 77
4 2 42 1 2 -1 11
8 2 42 2 1 -1 77
1 3 42 1 2 -5 11
2 4 42 -1 2 -5 11
0 5 42 1 1 -3 11
8 0 43 2 1 -5 77
6 1 43 5 2 -5 231
5 2 43 5 2 -5 231
4 3 43 -1 1 -1 33
3 4 43 -1 1 -1 33
2 5 43 -3 2 -1 11
1 6 43 -3 2 -1 11
7 0 44 -2 1 -5 77
5 1 44 -5 2 -5 231
6 2 44 5 2 -5 231
3 3 44 1 1 -1 33
4 4 44 -1 1 -1 33
1 5 44 3 2 -1 11
2 6 44 -3 2 -1 11
8 1 45 1 1 -5 21
7 2 45 1 1 -5 21
6 3 45 1 2 -1 21
5 4 45 1 2 -1 21
4 5 45 -1 2 -1 1
3 6 45 -1 2 -1 1
7 1 46 -1 1 -5 21
8 2 46 1 1 -5 21
5 3 46 -1 2 -1 21
6 4 46 1 2 -1 21
3 5 46 1 2 -1 1
4 6 46 -1 2 -1 1
8 3 47 1 1 -2 7
7 4 47 1 1 -2 7
6 5 47 -1 1 -3 14
5 6 47 -1 1 -3 14
7 3 48 -1 1 -2 7
8 4 48 1 1 -2 7
5 5 48 1 1 -3 14
6 6 48 -1 1 -3 14
0 0 49 5 1 7 429
1 1 49 -1 1 35 143
2 2 49 -1 1 35 143
3 3 49 1 1 7 143
4 4 49 1 1 7 143
5 5 49 -1 1 1 429
6 6 49 -1 1 1 429
1 0 50 4 1 10 429
0 1 50 5 1 2 143
3 1 50 -1 1 10 143
4 2 50 -1 1 10 143
1 3 50 -2 1 2 143
5 3 50 2 1 2 1001
2 4 50 -2 1 2 143
6 4 50 2 1 2 1001
3 5 50 1 1 2 429
7 5 50 -1 1 1 6006
4 6 50 1 1 2 429
8 6 50 -1 1 1 6006
2 0 51 4 1 10 429
4 1 51 -1 1 10 143
0 2 51 5 1 2 143
3 2 51 1 1 10 143
2 3 51 2 1 2 143
6 3 51 2 1 2 1001
1 4 51 -2 1 2 143
5 4 51 -2 1 2 1001
4 5 51 -1 1 2 429
8 5 51 -1 1 1 6006
3 6 51 1 1 2 429
7 6 51 1 1 1 6006
3 0 52 2 1 10 143
1 1 52 1 1 30 143
5 1 52 -1 1 30 1001
2 2 52 -1 1 30 143
6 2 52 -1 1 30 1001
0 3 52 1 1 30 143
7 3 52 1 1 3 2002
8 4 52 1 1 3 2002
1 5 52 -1 1 2 143
2 6 52 -1 1 2 143
4 0 53 2 1 10 143
2 1 53 1 1 30 143
6 1 53 -1 1 30 1001
1 2 53 1 1 30 143
5 2 53 1 1 30 1001
8 3 53 1 1 3 2002
0 4 53 1 1 30 143
7 4 53 -1 1 3 2002
2 5 53 1 1 2 143
1 6 53 -1 1 2 143
5 0 54 4 1 10 1001
3 1 54 1 1 30 143
7 1 54 -1 1 15 2002
4 2 54 -1 1 30 143
8 2 54 -1 1 15 2002
1 3 54 2 1 6 143
2 4 54 -2 1 6 143
0 5 54 1 1 10 143
6 0 55 4 1 10 1001
4 1 55 1 1 30 143
8 1 55 -1 1 15 2002
3 2 55 1 1 30 143
7 2 55 1 1 15 2002
2 3 55 2 1 6 143
1 4 55 2 1 6 143
0 6 55 1 1 10 143
7 0 56 1 1 5 91
5 1 56 1 1 15 91
6 2 56 -1 1 15 91
3 3 56 1 1 3 13
4 4 56 -1 1 3 13
1 5 56 1 1 1 13
2 6 56 -1 1 1 13
8 0 57 1 1 5 91
6 1 57 1 1 15 91
5 2 57 1 1 15 91
4 3 57 1 1 3 13
3 4 57 1 1 3 13
2 5 57 1 1 1 13
1 6 57 1 1 1 13
7 1 58 1 1 15 182
8 2 58 -1 1 15 182
5 3 58 2 1 6 91
6 4 58 -2 1 6 91
3 5 58 1 1 2 13
4 6 58 -1 1 2 13
8 1 59 1 1 15 182
7 2 59 1 1 15 182
6 3 59 2 1 6 91
5 4 59 2 1 6 91
4 5 59 1 1 2 13
3 6 59 1 1 2 13
7 3 60 1 1 3 14
8 4 60 -1 1 3 14
5 5 60 1 1 2 7
6 6 60 -1 1 2 7
8 3 61 1 1 3 14
7 4 61 1 1 3 14
6 5 61 1 1 2 7
5 6 61 1 1 2 7
7 5 62 1 1 1 2
8 6 62 -1 1 1 2
8 5 63 1 1 1 2
7 6 63 1 1 1 2
