0 0 0 1 1 1 5
1 1 0 1 1 1 5
2 2 0 1 1 1 5
3 3 0 1 1 1 5
4 4 0 1 1 1 5
2 1 1 1 1 -1 10
1 2 1 -1 1 -1 10
4 3 1 1 1 -2 5
3 4 1 -1 1 -2 5
2 0 2 -1 1 -3 10
4 1 2 -1 1 -1 10
0 2 2 1 1 -3 10
3 2 2 1 1 -1 10
2 3 2 -1 1 -1 10
1 4 2 1 1 -1 10
1 0 3 1 1 -3 10
0 1 3 -1 1 -3 10
3 1 3 1 1 -1 10
4 2 3 1 1 -1 10
1 3 3 -1 1 -1 10
2 4 3 -1 1 -1 10
0 0 4 -1 1 2 7
1 1 4 -1 1 1 14
2 2 4 -1 1 1 14
3 3 4 1 1 2 7
4 4 4 1 1 2 7
1 0 5 -1 1 1 14
0 1 5 -1 1 1 14
3 1 5 -1 1 3 14
4 2 5 -1 1 3 14
1 3 5 -1 1 3 14
2 4 5 -1 1 3 14
2 0 6 -1 1 1 14
4 1 6 -1 1 3 14
0 2 6 -1 1 1 14
3 2 6 1 1 3 14
2 3 6 1 1 3 14
1 4 6 -1 1 3 14
3 0 7 1 1 2 7
1 1 7 -1 1 3 14
2 2 7 1 1 3 14
0 3 7 1 1 2 7
4 0 8 1 1 2 7
2 1 8 -1 1 3 14
1 2 8 -1 1 3 14
0 4 8 1 1 2 7
2 1 9 -1 1 -2 5
1 2 9 1 1 -2 5
4 3 9 1 1 -1 10
3 4 9 -1 1 -1 10
2 0 10 1 1 -1 5
4 1 10 -1 2 -3 5
0 2 10 -1 1 -1 5
3 2 10 1 2 -3 5
2 3 10 -1 2 -3 5
1 4 10 1 2 -3 5
1 0 11 -1 1 -1 5
0 1 11 1 1 -1 5
3 1 11 1 2 -3 5
4 2 11 1 2 -3 5
1 3 11 -1 2 -3 5
2 4 11 -1 2 -3 5
4 0 12 1 1 -1 2
0 4 12 -1 1 -1 2
3 0 13 -1 1 -1 2
0 3 13 1 1 -1 2
4 1 14 1 2 -1 1
3 2 14 1 2 -1 1
2 3 14 -1 2 -1 1
1 4 14 -1 2 -1 1
3 1 15 -1 2 -1 1
4 2 15 1 2 -1 1
1 3 15 1 2 -1 1
2 4 15 -1 2 -1 1
0 0 16 3 1 2 35
1 1 16 -2 1 2 35
2 2 16 -2 1 2 35
3 3 16 1 1 1 70
4 4 16 1 1 1 70
1 0 17 1 1 3 7
0 1 17 1 1 3 7
3 1 17 -1 2 1 7
4 2 17 -1 2 1 7
1 3 17 -1 2 1 7
2 4 17 -1 2 1 7
2 0 18 1 1 3 7
4 1 18 -1 2 1 7
0 2 18 1 1 3 7
3 2 18 1 2 1 7
2 3 18 1 2 1 7
1 4 18 -1 2 1 7
3 0 19 1 1 3 14
1 1 19 1 1 2 7
2 2 19 -1 1 2 7
0 3 19 1 1 3 14
4 0 20 1 1 3 14
2 1 20 1 1 2 7
1 2 20 1 1 2 7
0 4 20 1 1 3 14
3 1 21 1 2 1 1
4 2 21 -1 2 1 1
1 3 21 1 2 1 1
2 4 21 -1 2 1 1
4 1 22 1 2 1 1
3 2 22 1 2 1 1
2 3 22 1 2 1 1
1 4 22 1 2 1 1
3 3 23 1 1 1 2
4 4 23 -1 1 1 2
4 3 24 1 1 1 2
3 4 24 1 1 1 2
