0 0 4 1 1 2 7
1 1 4 1 1 5 21
2 2 4 1 1 5 21
3 3 4 1 1 5 42
4 4 4 1 1 5 42
1 0 5 -2 3 2 7
0 1 5 1 1 5 21
3 1 5 -1 6 5 7
4 2 5 -1 6 5 7
1 3 5 1 3 10 7
2 4 5 1 3 10 7
3 5 5 1 6 5 1
4 6 5 1 6 5 1
2 0 6 -2 3 2 7
4 1 6 -1 6 5 7
0 2 6 1 1 5 21
3 2 6 1 6 5 7
2 3 6 -1 3 10 7
1 4 6 1 3 10 7
4 5 6 -1 6 5 1
3 6 6 1 6 5 1
3 0 7 1 3 1 14
1 1 7 -1 6 5 7
2 2 7 1 6 5 7
0 3 7 1 1 5 42
1 5 7 1 6 5 1
2 6 7 1 6 5 1
3 7 7 1 3 5 2
4 8 7 1 3 5 2
4 0 8 1 3 1 14
2 1 8 -1 6 5 7
1 2 8 -1 6 5 7
0 4 8 1 1 5 42
2 5 8 -1 6 5 1
1 6 8 1 6 5 1
4 7 8 -1 3 5 2
3 8 8 1 3 5 2
2 1 9 1 1 -1 6
1 2 9 -1 1 -1 6
4 3 9 1 1 -1 3
3 4 9 -1 1 -1 3
2 0 10 -1 3 -5 2
4 1 10 -1 3 -1 1
0 2 10 1 2 -1 3
3 2 10 1 3 -1 1
2 3 10 1 6 -1 2
1 4 10 -1 6 -1 2
4 5 10 1 6 -7 1
3 6 10 -1 6 -7 1
1 0 11 1 3 -5 2
0 1 11 -1 2 -1 3
3 1 11 1 3 -1 1
4 2 11 1 3 -1 1
1 3 11 1 6 -1 2
2 4 11 1 6 -1 2
3 5 11 1 6 -7 1
4 6 11 1 6 -7 1
4 0 12 1 3 -1 1
2 1 12 -7 6 -1 10
1 2 12 -7 6 -1 10
0 4 12 2 1 -1 15
2 5 12 -1 6 -7 10
1 6 12 1 6 -7 10
4 7 12 1 3 -7 5
3 8 12 -1 3 -7 5
3 0 13 -1 3 -1 1
1 1 13 7 6 -1 10
2 2 13 -7 6 -1 10
0 3 13 -2 1 -1 15
1 5 13 -1 6 -7 10
2 6 13 -1 6 -7 10
3 7 13 1 3 -7 5
4 8 13 1 3 -7 5
4 1 14 1 2 -1 15
3 2 14 1 2 -1 15
2 3 14 -1 2 -3 10
1 4 14 -1 2 -3 10
0 6 14 1 2 -7 5
2 7 14 -1 1 -7 30
1 8 14 1 1 -7 30
3 1 15 -1 2 -1 15
4 2 15 1 2 -1 15
1 3 15 1 2 -3 10
2 4 15 -1 2 -3 10
0 5 15 -1 2 -7 5
1 7 15 -1 1 -7 30
2 8 15 -1 1 -7 30
0 0 16 -2 1 5 77
1 1 16 -1 1 3 154
2 2 16 -1 1 3 154
3 3 16 3 1 3 77
4 4 16 3 1 3 77
1 0 17 -1 1 3 154
0 1 17 -17 2 1 385
3 1 17 -1 1 15 77
4 2 17 -1 1 15 77
1 3 17 -9 2 3 770
2 4 17 -9 2 3 770
3 5 17 3 2 3 55
4 6 17 3 2 3 55
2 0 18 -1 1 3 154
4 1 18 -1 1 15 77
0 2 18 -17 2 1 385
3 2 18 1 1 15 77
2 3 18 9 2 3 770
1 4 18 -9 2 3 770
4 5 18 -3 2 3 55
3 6 18 3 2 3 55
3 0 19 3 1 3 77
1 1 19 -9 2 3 770
2 2 19 9 2 3 770
0 3 19 -4 1 1 385
1 5 19 -1 2 15 22
2 6 19 -1 2 15 22
3 7 19 1 1 3 55
4 8 19 1 1 3 55
4 0 20 3 1 3 77
2 1 20 -9 2 3 770
1 2 20 -9 2 3 770
0 4 20 -4 1 1 385
2 5 20 1 2 15 22
1 6 20 -1 2 15 22
4 7 20 -1 1 3 55
3 8 20 1 1 3 55
3 1 21 3 2 3 55
4 2 21 -3 2 3 55
1 3 21 -1 2 15 22
2 4 21 1 2 15 22
0 5 21 1 2 7 55
1 7 21 -1 1 21 110
2 8 21 -1 1 21 110
4 1 22 3 2 3 55
3 2 22 3 2 3 55
2 3 22 -1 2 15 22
1 4 22 -1 2 15 22
0 6 22 1 2 7 55
2 7 22 1 1 21 110
1 8 22 -1 1 21 110
3 3 23 1 1 3 55
4 4 23 -1 1 3 55
1 5 23 -1 1 21 110
2 6 23 1 1 21 110
0 7 23 2 1 7 55
4 3 24 1 1 3 55
3 4 24 1 1 3 55
2 5 24 -1 1 21 110
1 6 24 -1 1 21 110
0 8 24 2 1 7 55
2 1 25 -1 1 -1 3
1 2 25 1 1 -1 3
4 3 25 1 1 -1 6
3 4 25 -1 1 -1 6
2 0 26 1 3 -2 1
4 1 26 -1 6 -5 1
0 2 26 -1 1 -1 15
3 2 26 1 6 -5 1
2 3 26 -2 3 -2 5
1 4 26 2 3 -2 5
4 5 26 1 6 -7 5
3 6 26 -1 6 -7 5
1 0 27 -1 3 -2 1
0 1 27 1 1 -1 15
3 1 27 1 6 -5 1
4 2 27 1 6 -5 1
1 3 27 -2 3 -2 5
2 4 27 -2 3 -2 5
3 5 27 1 6 -7 5
4 6 27 1 6 -7 5
4 0 28 1 3 -7 2
2 1 28 1 6 -7 5
1 2 28 1 6 -7 5
0 4 28 -1 1 -7 30
2 5 28 -1 6 -5 1
1 6 28 1 6 -5 1
4 7 28 1 3 -1 10
3 8 28 -1 3 -1 10
3 0 29 -1 3 -7 2
1 1 29 -1 6 -7 5
2 2 29 1 6 -7 5
0 3 29 1 1 -7 30
1 5 29 -1 6 -5 1
2 6 29 -1 6 -5 1
3 7 29 1 3 -1 10
4 8 29 1 3 -1 10
4 1 30 1 1 -7 30
3 2 30 1 1 -7 30
0 6 30 -1 1 -2 5
2 7 30 -1 1 -1 15
1 8 30 1 1 -1 15
3 1 31 -1 1 -7 30
4 2 31 1 1 -7 30
0 5 31 1 1 -2 5
1 7 31 -1 1 -1 15
2 8 31 -1 1 -1 15
4 3 32 1 1 -7 30
3 4 32 1 1 -7 30
2 5 32 -1 1 -1 15
1 6 32 -1 1 -1 15
0 8 32 -1 1 -2 5
3 3 33 -1 1 -7 30
4 4 33 1 1 -7 30
1 5 33 1 1 -1 15
2 6 33 -1 1 -1 15
0 7 33 1 1 -2 5
4 5 34 1 1 -1 6
3 6 34 1 1 -1 6
2 7 34 -1 1 -1 3
1 8 34 -1 1 -1 3
3 5 35 -1 1 -1 6
4 6 35 1 1 -1 6
1 7 35 1 1 -1 3
2 8 35 -1 1 -1 3
0 0 36 1 1 5 11
1 1 36 -2 1 2 33
2 2 36 -2 1 2 33
3 3 36 1 1 1 33
4 4 36 1 1 1 33
1 0 37 1 3 35 11
0 1 37 1 1 14 33
3 1 37 -1 3 7 22
4 2 37 -1 3 7 22
1 3 37 -1 3 7 11
2 4 37 -1 3 7 11
3 5 37 1 3 1 22
4 6 37 1 3 1 22
2 0 38 1 3 35 11
4 1 38 -1 3 7 22
0 2 38 1 1 14 33
3 2 38 1 3 7 22
2 3 38 1 3 7 11
1 4 38 -1 3 7 11
4 5 38 -1 3 1 22
3 6 38 1 3 1 22
3 0 39 1 3 14 11
1 1 39 4 3 7 55
2 2 39 -4 3 7 55
0 3 39 2 1 14 165
1 5 39 -4 3 1 55
2 6 39 -4 3 1 55
3 7 39 1 3 1 110
4 8 39 1 3 1 110
4 0 40 1 3 14 11
2 1 40 4 3 7 55
1 2 40 4 3 7 55
0 4 40 2 1 14 165
2 5 40 4 3 1 55
1 6 40 -4 3 1 55
4 7 40 -1 3 1 110
3 8 40 1 3 1 110
3 1 41 1 1 7 55
4 2 41 -1 1 7 55
1 3 41 1 1 14 55
2 4 41 -1 1 14 55
0 5 41 2 1 3 55
1 7 41 -1 1 1 110
2 8 41 -1 1 1 110
4 1 42 1 1 7 55
3 2 42 1 1 7 55
2 3 42 1 1 14 55
1 4 42 1 1 14 55
0 6 42 2 1 3 55
2 7 42 1 1 1 110
1 8 42 -1 1 1 110
3 3 43 1 1 7 33
4 4 43 -1 1 7 33
1 5 43 2 1 2 33
2 6 43 -2 1 2 33
0 7 43 1 1 1 11
4 3 44 1 1 7 33
3 4 44 1 1 7 33
2 5 44 2 1 2 33
1 6 44 2 1 2 33
0 8 44 1 1 1 11
3 5 45 1 1 1 3
4 6 45 -1 1 1 3
1 7 45 1 1 1 6
2 8 45 -1 1 1 6
4 5 46 1 1 1 3
3 6 46 1 1 1 3
2 7 46 1 1 1 6
1 8 46 1 1 1 6
3 7 47 1 1 1 2
4 8 47 -1 1 1 2
4 7 48 1 1 1 2
3 8 48 1 1 1 2
