0 0 4 -1 1 3 7
1 1 4 -1 1 2 7
2 2 4 -1 1 2 7
1 0 5 1 1 1 7
0 1 5 -2 1 2 21
1 3 5 -1 1 5 21
2 4 5 -1 1 5 21
2 0 6 1 1 1 7
0 2 6 -2 1 2 21
2 3 6 1 1 5 21
1 4 6 -1 1 5 21
1 1 7 1 1 1 42
2 2 7 -1 1 1 42
0 3 7 -1 1 5 21
1 5 7 -1 1 5 14
2 6 7 -1 1 5 14
2 1 8 1 1 1 42
1 2 8 1 1 1 42
0 4 8 -1 1 5 21
2 5 8 1 1 5 14
1 6 8 -1 1 5 14
2 1 9 -1 1 -1 2
1 2 9 1 1 -1 2
2 0 10 1 1 -1 2
0 2 10 -1 2 -1 3
2 3 10 -1 2 -5 6
1 4 10 1 2 -5 6
1 0 11 -1 1 -1 2
0 1 11 1 2 -1 3
1 3 11 -1 2 -5 6
2 4 11 -1 2 -5 6
2 1 12 1 2 -5 6
1 2 12 1 2 -5 6
0 4 12 -1 1 -1 3
2 5 12 -1 2 -1 2
1 6 12 1 2 -1 2
1 1 13 -1 2 -5 6
2 2 13 1 2 -5 6
0 3 13 1 1 -1 3
1 5 13 -1 2 -1 2
2 6 13 -1 2 -1 2
2 3 14 1 2 -1 2
1 4 14 1 2 -1 2
0 6 14 -1 2 -3 1
1 3 15 -1 2 -1 2
2 4 15 1 2 -1 2
0 5 15 1 2 -3 1
0 0 16 2 1 1 7
1 1 16 -1 1 3 14
2 2 16 -1 1 3 14
1 0 17 1 1 5 14
0 1 17 1 2 15 7
1 3 17 -1 2 3 14
2 4 17 -1 2 3 14
2 0 18 1 1 5 14
0 2 18 1 2 15 7
2 3 18 1 2 3 14
1 4 18 -1 2 3 14
1 1 19 1 2 15 14
2 2 19 -1 2 15 14
0 3 19 1 1 3 7
1 5 19 -1 2 1 14
2 6 19 -1 2 1 14
2 1 20 1 2 15 14
1 2 20 1 2 15 14
0 4 20 1 1 3 7
2 5 20 1 2 1 14
1 6 20 -1 2 1 14
1 3 21 1 2 3 2
2 4 21 -1 2 3 2
0 5 21 1 2 1 1
2 3 22 1 2 3 2
1 4 22 1 2 3 2
0 6 22 1 2 1 1
1 5 23 1 1 1 2
2 6 23 -1 1 1 2
2 5 24 1 1 1 2
1 6 24 1 1 1 2
