0 0 1 -1 1 2 5
1 1 1 -1 1 3 10
2 2 1 -1 1 3 10
1 0 2 -1 1 3 10
0 1 2 1 1 1 10
3 1 2 -1 1 3 10
4 2 2 -1 1 3 10
2 0 3 -1 1 3 10
4 1 3 -1 1 3 10
0 2 3 1 1 1 10
3 2 3 1 1 3 10
2 1 4 -1 1 -1 2
1 2 4 1 1 -1 2
2 0 5 1 1 -1 6
4 1 5 -1 1 -1 6
0 2 5 -1 1 -1 2
3 2 5 1 1 -1 6
1 0 6 -1 1 -1 6
0 1 6 1 1 -1 2
3 1 6 1 1 -1 6
4 2 6 1 1 -1 6
4 0 7 1 1 -2 3
2 1 7 -1 1 -1 6
1 2 7 -1 1 -1 6
3 0 8 -1 1 -2 3
1 1 8 1 1 -1 6
2 2 8 -1 1 -1 6
0 0 9 1 1 3 5
1 1 9 -1 1 1 5
2 2 9 -1 1 1 5
1 0 10 2 1 2 15
0 1 10 1 1 2 5
3 1 10 -1 1 1 30
4 2 10 -1 1 1 30
2 0 11 2 1 2 15
4 1 11 -1 1 1 30
0 2 11 1 1 2 5
3 2 11 1 1 1 30
3 0 12 1 1 1 3
1 1 12 1 1 1 3
2 2 12 -1 1 1 3
4 0 13 1 1 1 3
2 1 13 1 1 1 3
1 2 13 1 1 1 3
3 1 14 1 1 1 2
4 2 14 -1 1 1 2
4 1 15 1 1 1 2
3 2 15 1 1 1 2
