0 0 1 -1 1 2 5
1 1 1 -1 1 3 10
2 2 1 -1 1 3 10
1 0 2 1 1 1 10
0 1 2 -1 1 3 10
1 3 2 -1 1 3 10
2 4 2 -1 1 3 10
2 0 3 1 1 1 10
0 2 3 -1 1 3 10
2 3 3 1 1 3 10
1 4 3 -1 1 3 10
2 1 4 -1 1 -1 2
1 2 4 1 1 -1 2
2 0 5 1 1 -1 2
0 2 5 -1 1 -1 6
2 3 5 -1 1 -1 6
1 4 5 1 1 -1 6
1 0 6 -1 1 -1 2
0 1 6 1 1 -1 6
1 3 6 -1 1 -1 6
2 4 6 -1 1 -1 6
2 1 7 1 1 -1 6
1 2 7 1 1 -1 6
0 4 7 -1 1 -2 3
1 1 8 -1 1 -1 6
2 2 8 1 1 -1 6
0 3 8 1 1 -2 3
0 0 9 1 1 3 5
1 1 9 -1 1 1 5
2 2 9 -1 1 1 5
1 0 10 1 1 2 5
0 1 10 2 1 2 15
1 3 10 -1 1 1 30
2 4 10 -1 1 1 30
2 0 11 1 1 2 5
0 2 11 2 1 2 15
2 3 11 1 1 1 30
1 4 11 -1 1 1 30
1 1 12 1 1 1 3
2 2 12 -1 1 1 3
0 3 12 1 1 1 3
2 1 13 1 1 1 3
1 2 13 1 1 1 3
0 4 13 1 1 1 3
1 3 14 1 1 1 2
2 4 14 -1 1 1 2
2 3 15 1 1 1 2
1 4 15 1 1 1 2
