0 0 1 3 1 1 35
1 1 1 2 1 2 35
2 2 1 2 1 2 35
3 3 1 1 1 1 7
4 4 1 1 1 1 7
1 0 2 -1 1 3 35
0 1 2 1 1 6 35
3 1 2 -1 1 1 70
4 2 2 -1 1 1 70
1 3 2 1 1 1 7
2 4 2 1 1 1 7
3 5 2 1 1 3 14
4 6 2 1 1 3 14
2 0 3 -1 1 3 35
4 1 3 -1 1 1 70
0 2 3 1 1 6 35
3 2 3 1 1 1 70
2 3 3 -1 1 1 7
1 4 3 1 1 1 7
4 5 3 -1 1 3 14
3 6 3 1 1 3 14
2 1 4 1 1 -1 7
1 2 4 -1 1 -1 7
4 3 4 1 1 -5 14
3 4 4 -1 1 -5 14
2 0 5 -1 1 -2 7
4 1 5 -1 2 -3 7
0 2 5 1 1 -1 7
3 2 5 1 2 -3 7
4 5 5 1 2 -5 7
3 6 5 -1 2 -5 7
1 0 6 1 1 -2 7
0 1 6 -1 1 -1 7
3 1 6 1 2 -3 7
4 2 6 1 2 -3 7
3 5 6 1 2 -5 7
4 6 6 1 2 -5 7
4 0 7 1 1 -1 14
2 1 7 -1 2 -3 7
1 2 7 -1 2 -3 7
0 4 7 1 1 -5 14
2 5 7 -1 2 -5 7
1 6 7 1 2 -5 7
3 0 8 -1 1 -1 14
1 1 8 1 2 -3 7
2 2 8 -1 2 -3 7
0 3 8 -1 1 -5 14
1 5 8 -1 2 -5 7
2 6 8 -1 2 -5 7
0 0 9 -2 1 1 15
1 1 9 -1 1 1 30
2 2 9 -1 1 1 30
3 3 9 1 1 1 3
4 4 9 1 1 1 3
1 0 10 -1 1 1 30
0 1 10 -1 2 3 5
3 1 10 -1 1 1 5
4 2 10 -1 1 1 5
1 3 10 -1 2 1 2
2 4 10 -1 2 1 2
3 5 10 1 2 1 3
4 6 10 1 2 1 3
2 0 11 -1 1 1 30
4 1 11 -1 1 1 5
0 2 11 -1 2 3 5
3 2 11 1 1 1 5
2 3 11 1 2 1 2
1 4 11 -1 2 1 2
4 5 11 -1 2 1 3
3 6 11 1 2 1 3
3 0 12 1 1 1 3
1 1 12 -1 2 1 2
2 2 12 1 2 1 2
1 5 12 -1 2 5 6
2 6 12 -1 2 5 6
4 0 13 1 1 1 3
2 1 13 -1 2 1 2
1 2 13 -1 2 1 2
2 5 13 1 2 5 6
1 6 13 -1 2 5 6
3 1 14 1 2 1 3
4 2 14 -1 2 1 3
1 3 14 -1 2 5 6
2 4 14 1 2 5 6
0 5 14 1 2 5 3
4 1 15 1 2 1 3
3 2 15 1 2 1 3
2 3 15 -1 2 5 6
1 4 15 -1 2 5 6
0 6 15 1 2 5 3
2 1 16 -1 1 -5 14
1 2 16 1 1 -5 14
4 3 16 1 1 -1 7
3 4 16 -1 1 -1 7
2 0 17 1 1 -3 14
4 1 17 -1 1 -1 7
0 2 17 -1 2 -3 7
3 2 17 1 1 -1 7
2 3 17 -1 2 -7 10
1 4 17 1 2 -7 10
4 5 17 1 2 -3 35
3 6 17 -1 2 -3 35
1 0 18 -1 1 -3 14
0 1 18 1 2 -3 7
3 1 18 1 1 -1 7
4 2 18 1 1 -1 7
1 3 18 -1 2 -7 10
2 4 18 -1 2 -7 10
3 5 18 1 2 -3 35
4 6 18 1 2 -3 35
4 0 19 1 1 -3 7
2 1 19 1 2 -1 14
1 2 19 1 2 -1 14
0 4 19 -2 1 -3 35
2 5 19 -3 2 -3 70
1 6 19 3 2 -3 70
3 0 20 -1 1 -3 7
1 1 20 -1 2 -1 14
2 2 20 1 2 -1 14
0 3 20 2 1 -3 35
1 5 20 -3 2 -3 70
2 6 20 -3 2 -3 70
4 1 21 1 2 -1 1
3 2 21 1 2 -1 1
2 3 21 -1 2 -1 10
1 4 21 -1 2 -1 10
0 6 21 -3 2 -1 5
3 1 22 -1 2 -1 1
4 2 22 1 2 -1 1
1 3 22 1 2 -1 10
2 4 22 -1 2 -1 10
0 5 22 3 2 -1 5
4 3 23 1 1 -1 5
3 4 23 1 1 -1 5
2 5 23 -1 1 -3 10
1 6 23 -1 1 -3 10
3 3 24 -1 1 -1 5
4 4 24 1 1 -1 5
1 5 24 1 1 -3 10
2 6 24 -1 1 -3 10
0 0 25 1 1 10 21
1 1 25 -1 1 5 21
2 2 25 -1 1 5 21
3 3 25 1 1 1 42
4 4 25 1 1 1 42
1 0 26 2 1 2 21
0 1 26 1 1 3 7
3 1 26 -1 2 1 7
4 2 26 -1 2 1 7
1 3 26 -1 1 2 35
2 4 26 -1 1 2 35
3 5 26 1 2 1 105
4 6 26 1 2 1 105
2 0 27 2 1 2 21
4 1 27 -1 2 1 7
0 2 27 1 1 3 7
3 2 27 1 2 1 7
2 3 27 1 1 2 35
1 4 27 -1 1 2 35
4 5 27 -1 2 1 105
3 6 27 1 2 1 105
3 0 28 1 1 1 6
1 1 28 1 2 1 1
2 2 28 -1 2 1 1
0 3 28 1 1 3 10
1 5 28 -1 2 1 15
2 6 28 -1 2 1 15
4 0 29 1 1 1 6
2 1 29 1 2 1 1
1 2 29 1 2 1 1
0 4 29 1 1 3 10
2 5 29 1 2 1 15
1 6 29 -1 2 1 15
3 1 30 1 1 1 6
4 2 30 -1 1 1 6
1 3 30 2 1 1 15
2 4 30 -2 1 1 15
0 5 30 1 1 2 15
4 1 31 1 1 1 6
3 2 31 1 1 1 6
2 3 31 2 1 1 15
1 4 31 2 1 1 15
0 6 31 1 1 2 15
3 3 32 1 1 3 10
4 4 32 -1 1 3 10
1 5 32 1 1 1 5
2 6 32 -1 1 1 5
4 3 33 1 1 3 10
3 4 33 1 1 3 10
2 5 33 1 1 1 5
1 6 33 1 1 1 5
3 5 34 1 1 1 2
4 6 34 -1 1 1 2
4 5 35 1 1 1 2
3 6 35 1 1 1 2
