0 0 0 1 3 1 1
1 1 0 1 3 1 1
2 2 0 1 3 1 1
3 3 0 1 3 1 1
4 4 0 1 3 1 1
5 5 0 1 3 1 1
6 6 0 1 3 1 1
7 7 0 1 3 1 1
8 8 0 1 3 1 1
2 1 1 1 2 -1 15
1 2 1 -1 2 -1 15
4 3 1 1 1 -1 15
3 4 1 -1 1 -1 15
6 5 1 1 2 -3 5
5 6 1 -1 2 -3 5
8 7 1 2 1 -1 15
7 8 1 -2 1 -1 15
2 0 2 -1 1 -1 6
4 1 2 -1 2 -3 10
0 2 2 1 1 -1 6
3 2 2 1 2 -3 10
2 3 2 -1 2 -3 10
6 3 2 -1 2 -7 30
1 4 2 1 2 -3 10
5 4 2 1 2 -7 30
4 5 2 -1 2 -7 30
8 5 2 -1 1 -1 30
3 6 2 1 2 -7 30
7 6 2 1 1 -1 30
6 7 2 -1 1 -1 30
5 8 2 1 1 -1 30
1 0 3 1 1 -1 6
0 1 3 -1 1 -1 6
3 1 3 1 2 -3 10
4 2 3 1 2 -3 10
1 3 3 -1 2 -3 10
5 3 3 1 2 -7 30
2 4 3 -1 2 -3 10
6 4 3 1 2 -7 30
3 5 3 -1 2 -7 30
7 5 3 1 1 -1 30
4 6 3 -1 2 -7 30
8 6 3 1 1 -1 30
5 7 3 -1 1 -1 30
6 8 3 -1 1 -1 30
0 0 4 -10 3 1 77
1 1 4 -17 6 1 77
2 2 4 -17 6 1 77
3 3 4 -4 3 1 77
4 4 4 -4 3 1 77
5 5 4 1 6 7 11
6 6 4 1 6 7 11
7 7 4 2 3 7 11
8 8 4 2 3 7 11
1 0 5 -1 1 5 462
0 1 5 -1 1 5 462
3 1 5 -3 2 3 154
4 2 5 -3 2 3 154
1 3 5 -3 2 3 154
5 3 5 -5 2 1 66
2 4 5 -3 2 3 154
6 4 5 -5 2 1 66
3 5 5 -5 2 1 66
7 5 5 -1 1 7 66
4 6 5 -5 2 1 66
8 6 5 -1 1 7 66
5 7 5 -1 1 7 66
6 8 5 -1 1 7 66
2 0 6 -1 1 5 462
4 1 6 -3 2 3 154
0 2 6 -1 1 5 462
3 2 6 3 2 3 154
2 3 6 3 2 3 154
6 3 6 -5 2 1 66
1 4 6 -3 2 3 154
5 4 6 5 2 1 66
4 5 6 5 2 1 66
8 5 6 -1 1 7 66
3 6 6 -5 2 1 66
7 6 6 1 1 7 66
6 7 6 1 1 7 66
5 8 6 -1 1 7 66
3 0 7 1 1 15 77
1 1 7 -5 1 1 231
5 1 7 1 2 3 11
2 2 7 5 1 1 231
6 2 7 1 2 3 11
0 3 7 1 1 15 77
7 3 7 1 1 1 33
8 4 7 1 1 1 33
1 5 7 1 2 3 11
2 6 7 1 2 3 11
3 7 7 1 1 1 33
4 8 7 1 1 1 33
4 0 8 1 1 15 77
2 1 8 -5 1 1 231
6 1 8 1 2 3 11
1 2 8 -5 1 1 231
5 2 8 -1 2 3 11
8 3 8 1 1 1 33
0 4 8 1 1 15 77
7 4 8 -1 1 1 33
2 5 8 -1 2 3 11
1 6 8 1 2 3 11
4 7 8 -1 1 1 33
3 8 8 1 1 1 33
2 1 9 -3 1 -1 110
1 2 9 3 1 -1 110
4 3 9 -13 3 -1 110
3 4 9 13 3 -1 110
6 5 9 -7 3 -1 110
5 6 9 7 3 -1 110
8 7 9 7 3 -2 55
7 8 9 -7 3 -2 55
2 0 10 1 1 -3 22
4 1 10 1 1 -2 165
0 2 10 -1 1 -3 22
3 2 10 -1 1 -2 165
2 3 10 1 1 -2 165
6 3 10 -1 1 -7 330
1 4 10 -1 1 -2 165
5 4 10 1 1 -7 330
4 5 10 -1 1 -7 330
8 5 10 -7 1 -1 330
3 6 10 1 1 -7 330
7 6 10 7 1 -1 330
6 7 10 -7 1 -1 330
5 8 10 7 1 -1 330
1 0 11 -1 1 -3 22
0 1 11 1 1 -3 22
3 1 11 -1 1 -2 165
4 2 11 -1 1 -2 165
1 3 11 1 1 -2 165
5 3 11 1 1 -7 330
2 4 11 1 1 -2 165
6 4 11 1 1 -7 330
3 5 11 -1 1 -7 330
7 5 11 7 1 -1 330
4 6 11 -1 1 -7 330
8 6 11 7 1 -1 330
5 7 11 -7 1 -1 330
6 8 11 -7 1 -1 330
4 0 12 1 1 -5 66
6 1 12 1 1 -7 66
5 2 12 -1 1 -7 66
8 3 12 1 1 -7 66
0 4 12 -1 1 -5 66
7 4 12 -1 1 -7 66
2 5 12 1 1 -7 66
1 6 12 -1 1 -7 66
4 7 12 1 1 -7 66
3 8 12 -1 1 -7 66
3 0 13 -1 1 -5 66
5 1 13 -1 1 -7 66
6 2 13 -1 1 -7 66
0 3 13 1 1 -5 66
7 3 13 -1 1 -7 66
8 4 13 -1 1 -7 66
1 5 13 1 1 -7 66
2 6 13 1 1 -7 66
3 7 13 1 1 -7 66
4 8 13 1 1 -7 66
6 0 14 -1 3 -35 22
4 1 14 5 3 -1 22
8 1 14 -1 3 -7 22
3 2 14 5 3 -1 22
7 2 14 1 3 -7 22
2 3 14 -5 3 -1 22
1 4 14 -5 3 -1 22
0 6 14 1 3 -35 22
2 7 14 -1 3 -7 22
1 8 14 1 3 -7 22
5 0 15 1 3 -35 22
3 1 15 -5 3 -1 22
7 1 15 1 3 -7 22
4 2 15 5 3 -1 22
8 2 15 1 3 -7 22
1 3 15 5 3 -1 22
2 4 15 -5 3 -1 22
0 5 15 -1 3 -35 22
1 7 15 -1 3 -7 22
2 8 15 -1 3 -7 22
0 0 16 9 1 2 1001
1 1 16 9 1 1 2002
2 2 16 9 1 1 2002
3 3 16 -1 1 11 182
4 4 16 -1 1 11 182
5 5 16 -3 1 7 286
6 6 16 -3 1 7 286
7 7 16 1 1 14 143
8 8 16 1 1 14 143
1 0 17 9 1 1 2002
0 1 17 9 1 1 2002
3 1 17 3 1 10 1001
4 2 17 3 1 10 1001
1 3 17 3 1 10 1001
5 3 17 1 1 5 286
2 4 17 3 1 10 1001
6 4 17 1 1 5 286
3 5 17 1 1 5 286
7 5 17 -1 1 35 286
4 6 17 1 1 5 286
8 6 17 -1 1 35 286
5 7 17 -1 1 35 286
6 8 17 -1 1 35 286
2 0 18 9 1 1 2002
4 1 18 3 1 10 1001
0 2 18 9 1 1 2002
3 2 18 -3 1 10 1001
2 3 18 -3 1 10 1001
6 3 18 1 1 5 286
1 4 18 3 1 10 1001
5 4 18 -1 1 5 286
4 5 18 -1 1 5 286
8 5 18 -1 1 35 286
3 6 18 1 1 5 286
7 6 18 1 1 35 286
6 7 18 1 1 35 286
5 8 18 -1 1 35 286
3 0 19 -1 1 11 182
1 1 19 3 1 10 1001
5 1 19 1 1 5 286
2 2 19 -3 1 10 1001
6 2 19 1 1 5 286
0 3 19 -1 1 11 182
7 3 19 3 1 5 286
8 4 19 3 1 5 286
1 5 19 1 1 5 286
2 6 19 1 1 5 286
3 7 19 3 1 5 286
4 8 19 3 1 5 286
4 0 20 -1 1 11 182
2 1 20 3 1 10 1001
6 1 20 1 1 5 286
1 2 20 3 1 10 1001
5 2 20 -1 1 5 286
8 3 20 3 1 5 286
0 4 20 -1 1 11 182
7 4 20 -3 1 5 286
2 5 20 -1 1 5 286
1 6 20 1 1 5 286
4 7 20 -3 1 5 286
3 8 20 3 1 5 286
5 0 21 -3 1 7 286
3 1 21 1 1 5 286
7 1 21 -1 1 35 286
4 2 21 -1 1 5 286
8 2 21 -1 1 35 286
1 3 21 1 1 5 286
2 4 21 -1 1 5 286
0 5 21 -3 1 7 286
1 7 21 -1 1 35 286
2 8 21 -1 1 35 286
6 0 22 -3 1 7 286
4 1 22 1 1 5 286
8 1 22 -1 1 35 286
3 2 22 1 1 5 286
7 2 22 1 1 35 286
2 3 22 1 1 5 286
1 4 22 1 1 5 286
0 6 22 -3 1 7 286
2 7 22 1 1 35 286
1 8 22 -1 1 35 286
7 0 23 1 1 14 143
5 1 23 -1 1 35 286
6 2 23 1 1 35 286
3 3 23 3 1 5 286
4 4 23 -3 1 5 286
1 5 23 -1 1 35 286
2 6 23 1 1 35 286
0 7 23 1 1 14 143
8 0 24 1 1 14 143
6 1 24 -1 1 35 286
5 2 24 -1 1 35 286
4 3 24 3 1 5 286
3 4 24 3 1 5 286
2 5 24 -1 1 35 286
1 6 24 -1 1 35 286
0 8 24 1 1 14 143
2 1 25 3 2 -1 13
1 2 25 -3 2 -1 13
4 3 25 2 3 -1 13
3 4 25 -2 3 -1 13
6 5 25 -11 6 -1 13
5 6 25 11 6 -1 13
8 7 25 2 3 -1 13
7 8 25 -2 3 -1 13
2 0 26 -1 1 -3 26
4 1 26 1 2 -5 78
0 2 26 1 1 -3 26
3 2 26 -1 2 -5 78
2 3 26 1 2 -5 78
6 3 26 1 2 -35 78
1 4 26 -1 2 -5 78
5 4 26 -1 2 -35 78
4 5 26 1 2 -35 78
8 5 26 -1 1 -5 78
3 6 26 -1 2 -35 78
7 6 26 1 1 -5 78
6 7 26 -1 1 -5 78
5 8 26 1 1 -5 78
1 0 27 1 1 -3 26
0 1 27 -1 1 -3 26
3 1 27 -1 2 -5 78
4 2 27 -1 2 -5 78
1 3 27 1 2 -5 78
5 3 27 -1 2 -35 78
2 4 27 1 2 -5 78
6 4 27 -1 2 -35 78
3 5 27 1 2 -35 78
7 5 27 1 1 -5 78
4 6 27 1 2 -35 78
8 6 27 1 1 -5 78
5 7 27 -1 1 -5 78
6 8 27 -1 1 -5 78
4 0 28 -1 1 -7 39
6 1 28 -1 2 -5 39
5 2 28 1 2 -5 39
8 3 28 1 1 -5 39
0 4 28 1 1 -7 39
7 4 28 -1 1 -5 39
2 5 28 -1 2 -5 39
1 6 28 1 2 -5 39
4 7 28 1 1 -5 39
3 8 28 -1 1 -5 39
3 0 29 1 1 -7 39
5 1 29 1 2 -5 39
6 2 29 1 2 -5 39
0 3 29 -1 1 -7 39
7 3 29 -1 1 -5 39
8 4 29 -1 1 -5 39
1 5 29 -1 2 -5 39
2 6 29 -1 2 -5 39
3 7 29 1 1 -5 39
4 8 29 1 1 -5 39
6 0 30 -1 3 -1 13
4 1 30 -1 6 -35 13
8 1 30 -2 3 -5 13
3 2 30 -1 6 -35 13
7 2 30 2 3 -5 13
2 3 30 1 6 -35 13
1 4 30 1 6 -35 13
0 6 30 1 3 -1 13
2 7 30 -2 3 -5 13
1 8 30 2 3 -5 13
5 0 31 1 3 -1 13
3 1 31 1 6 -35 13
7 1 31 2 3 -5 13
4 2 31 -1 6 -35 13
8 2 31 2 3 -5 13
1 3 31 -1 6 -35 13
2 4 31 1 6 -35 13
0 5 31 -1 3 -1 13
1 7 31 -2 3 -5 13
2 8 31 -2 3 -5 13
8 0 32 2 1 -1 13
6 1 32 -1 2 -5 13
5 2 32 -1 2 -5 13
2 5 32 1 2 -5 13
1 6 32 1 2 -5 13
0 8 32 -2 1 -1 13
7 0 33 -2 1 -1 13
5 1 33 1 2 -5 13
6 2 33 -1 2 -5 13
1 5 33 -1 2 -5 13
2 6 33 1 2 -5 13
0 7 33 2 1 -1 13
8 1 34 1 1 -1 13
7 2 34 1 1 -1 13
6 3 34 -3 2 -1 13
5 4 34 -3 2 -1 13
4 5 34 3 2 -1 13
3 6 34 3 2 -1 13
2 7 34 -1 1 -1 13
1 8 34 -1 1 -1 13
7 1 35 -1 1 -1 13
8 2 35 1 1 -1 13
5 3 35 3 2 -1 13
6 4 35 -3 2 -1 13
3 5 35 -3 2 -1 13
4 6 35 3 2 -1 13
1 7 35 1 1 -1 13
2 8 35 -1 1 -1 13
0 0 36 -2 3 5 11
1 1 36 1 6 1 55
2 2 36 1 6 1 55
3 3 36 1 3 11 5
4 4 36 1 3 11 5
5 5 36 -17 6 1 55
6 6 36 -17 6 1 55
7 7 36 2 3 1 55
8 8 36 2 3 1 55
1 0 37 -1 1 7 66
0 1 37 -1 1 7 66
3 1 37 -1 2 21 110
4 2 37 -1 2 21 110
1 3 37 -1 2 21 110
5 3 37 13 2 1 330
2 4 37 -1 2 21 110
6 4 37 13 2 1 330
3 5 37 13 2 1 330
7 5 37 -1 1 7 330
4 6 37 13 2 1 330
8 6 37 -1 1 7 330
5 7 37 -1 1 7 330
6 8 37 -1 1 7 330
2 0 38 -1 1 7 66
4 1 38 -1 2 21 110
0 2 38 -1 1 7 66
3 2 38 1 2 21 110
2 3 38 1 2 21 110
6 3 38 13 2 1 330
1 4 38 -1 2 21 110
5 4 38 -13 2 1 330
4 5 38 -13 2 1 330
8 5 38 -1 1 7 330
3 6 38 13 2 1 330
7 6 38 1 1 7 330
6 7 38 1 1 7 330
5 8 38 -1 1 7 330
1 1 39 -1 1 7 66
5 1 39 -1 1 3 22
2 2 39 1 1 7 66
6 2 39 -1 1 3 22
7 3 39 1 1 2 33
8 4 39 1 1 2 33
1 5 39 -1 1 3 22
2 6 39 -1 1 3 22
3 7 39 1 1 2 33
4 8 39 1 1 2 33
2 1 40 -1 1 7 66
6 1 40 -1 1 3 22
1 2 40 -1 1 7 66
5 2 40 1 1 3 22
8 3 40 1 1 2 33
7 4 40 -1 1 2 33
2 5 40 1 1 3 22
1 6 40 -1 1 3 22
4 7 40 -1 1 2 33
3 8 40 1 1 2 33
5 0 41 1 1 5 33
3 1 41 -1 2 7 33
7 1 41 -2 1 1 33
4 2 41 1 2 7 33
8 2 41 -2 1 1 33
1 3 41 -1 2 7 33
2 4 41 1 2 7 33
0 5 41 1 1 5 33
1 7 41 -2 1 1 33
2 8 41 -2 1 1 33
6 0 42 1 1 5 33
4 1 42 -1 2 7 33
8 1 42 -2 1 1 33
3 2 42 -1 2 7 33
7 2 42 2 1 1 33
2 3 42 -1 2 7 33
1 4 42 -1 2 7 33
0 6 42 1 1 5 33
2 7 42 2 1 1 33
1 8 42 -2 1 1 33
7 0 43 2 1 1 11
5 1 43 1 2 1 55
6 2 43 -1 2 1 55
3 3 43 -1 1 7 55
4 4 43 1 1 7 55
1 5 43 1 2 1 55
2 6 43 -1 2 1 55
0 7 43 2 1 1 11
8 0 44 2 1 1 11
6 1 44 1 2 1 55
5 2 44 1 2 1 55
4 3 44 -1 1 7 55
3 4 44 -1 1 7 55
2 5 44 1 2 1 55
1 6 44 1 2 1 55
0 8 44 2 1 1 11
7 1 45 1 1 1 5
8 2 45 -1 1 1 5
5 3 45 -1 2 1 5
6 4 45 1 2 1 5
3 5 45 -1 2 1 5
4 6 45 1 2 1 5
1 7 45 1 1 1 5
2 8 45 -1 1 1 5
8 1 46 1 1 1 5
7 2 46 1 1 1 5
6 3 46 -1 2 1 5
5 4 46 -1 2 1 5
4 5 46 -1 2 1 5
3 6 46 -1 2 1 5
2 7 46 1 1 1 5
1 8 46 1 1 1 5
7 3 47 1 1 2 15
8 4 47 -1 1 2 15
5 5 47 -1 1 7 30
6 6 47 1 1 7 30
3 7 47 1 1 2 15
4 8 47 -1 1 2 15
8 3 48 1 1 2 15
7 4 48 1 1 2 15
6 5 48 -1 1 7 30
5 6 48 -1 1 7 30
4 7 48 1 1 2 15
3 8 48 1 1 2 15
2 1 49 -7 1 -2 429
1 2 49 7 1 -2 429
4 3 49 7 1 -2 429
3 4 49 -7 1 -2 429
6 5 49 -1 1 -6 143
5 6 49 1 1 -6 143
8 7 49 1 1 -1 858
7 8 49 -1 1 -1 858
2 0 50 1 1 -35 429
4 1 50 -1 1 -21 143
0 2 50 -1 1 -35 429
3 2 50 1 1 -21 143
2 3 50 -1 1 -21 143
6 3 50 5 1 -1 429
1 4 50 1 1 -21 143
5 4 50 -5 1 -1 429
4 5 50 5 1 -1 429
8 5 50 -1 2 -7 429
3 6 50 -5 1 -1 429
7 6 50 1 2 -7 429
6 7 50 -1 2 -7 429
5 8 50 1 2 -7 429
1 0 51 -1 1 -35 429
0 1 51 1 1 -35 429
3 1 51 1 1 -21 143
4 2 51 1 1 -21 143
1 3 51 -1 1 -21 143
5 3 51 -5 1 -1 429
2 4 51 -1 1 -21 143
6 4 51 -5 1 -1 429
3 5 51 5 1 -1 429
7 5 51 1 2 -7 429
4 6 51 5 1 -1 429
8 6 51 1 2 -7 429
5 7 51 -1 2 -7 429
6 8 51 -1 2 -7 429
4 0 52 1 1 -35 143
6 1 52 -4 1 -1 143
5 2 52 4 1 -1 143
8 3 52 3 2 -1 143
0 4 52 -1 1 -35 143
7 4 52 -3 2 -1 143
2 5 52 -4 1 -1 143
1 6 52 4 1 -1 143
4 7 52 3 2 -1 143
3 8 52 -3 2 -1 143
3 0 53 -1 1 -35 143
5 1 53 4 1 -1 143
6 2 53 4 1 -1 143
0 3 53 1 1 -35 143
7 3 53 -3 2 -1 143
8 4 53 -3 2 -1 143
1 5 53 -4 1 -1 143
2 6 53 -4 1 -1 143
3 7 53 3 2 -1 143
4 8 53 3 2 -1 143
6 0 54 3 1 -5 143
4 1 54 1 1 -7 143
8 1 54 -5 2 -1 143
3 2 54 1 1 -7 143
7 2 54 5 2 -1 143
2 3 54 -1 1 -7 143
1 4 54 -1 1 -7 143
0 6 54 -3 1 -5 143
2 7 54 -5 2 -1 143
1 8 54 5 2 -1 143
5 0 55 -3 1 -5 143
3 1 55 -1 1 -7 143
7 1 55 5 2 -1 143
4 2 55 1 1 -7 143
8 2 55 5 2 -1 143
1 3 55 1 1 -7 143
2 4 55 -1 1 -7 143
0 5 55 3 1 -5 143
1 7 55 -5 2 -1 143
2 8 55 -5 2 -1 143
8 0 56 1 1 -5 26
6 1 56 1 1 -2 13
5 2 56 1 1 -2 13
2 5 56 -1 1 -2 13
1 6 56 -1 1 -2 13
0 8 56 -1 1 -5 26
7 0 57 -1 1 -5 26
5 1 57 -1 1 -2 13
6 2 57 1 1 -2 13
1 5 57 1 1 -2 13
2 6 57 -1 1 -2 13
0 7 57 1 1 -5 26
8 1 58 3 2 -1 13
7 2 58 3 2 -1 13
6 3 58 1 1 -1 13
5 4 58 1 1 -1 13
4 5 58 -1 1 -1 13
3 6 58 -1 1 -1 13
2 7 58 -3 2 -1 13
1 8 58 -3 2 -1 13
7 1 59 -3 2 -1 13
8 2 59 3 2 -1 13
5 3 59 -1 1 -1 13
6 4 59 1 1 -1 13
3 5 59 1 1 -1 13
4 6 59 -1 1 -1 13
1 7 59 3 2 -1 13
2 8 59 -3 2 -1 13
8 3 60 1 2 -1 1
7 4 60 1 2 -1 1
4 7 60 -1 2 -1 1
3 8 60 -1 2 -1 1
7 3 61 -1 2 -1 1
8 4 61 1 2 -1 1
3 7 61 1 2 -1 1
4 8 61 -1 2 -1 1
8 5 62 1 2 -1 1
7 6 62 1 2 -1 1
6 7 62 -1 2 -1 1
5 8 62 -1 2 -1 1
7 5 63 -1 2 -1 1
8 6 63 1 2 -1 1
5 7 63 1 2 -1 1
6 8 63 -1 2 -1 1
0 0 64 7 3 10 143
1 1 64 -28 3 2 715
2 2 64 -28 3 2 715
3 3 64 14 3 2 715
4 4 64 14 3 2 715
5 5 64 -4 3 2 715
6 6 64 -4 3 2 715
7 7 64 1 3 1 1430
8 8 64 1 3 1 1430
1 0 65 7 1 1 143
0 1 65 7 1 1 143
3 1 65 -7 1 1 715
4 2 65 -7 1 1 715
1 3 65 -7 1 1 715
5 3 65 1 1 7 715
2 4 65 -7 1 1 715
6 4 65 1 1 7 715
3 5 65 1 1 7 715
7 5 65 -1 2 1 715
4 6 65 1 1 7 715
8 6 65 -1 2 1 715
5 7 65 -1 2 1 715
6 8 65 -1 2 1 715
2 0 66 7 1 1 143
4 1 66 -7 1 1 715
0 2 66 7 1 1 143
3 2 66 7 1 1 715
2 3 66 7 1 1 715
6 3 66 1 1 7 715
1 4 66 -7 1 1 715
5 4 66 -1 1 7 715
4 5 66 -1 1 7 715
8 5 66 -1 2 1 715
3 6 66 1 1 7 715
7 6 66 1 2 1 715
6 7 66 1 2 1 715
5 8 66 -1 2 1 715
3 0 67 1 1 35 143
1 1 67 2 1 7 143
5 1 67 -2 1 1 143
2 2 67 -2 1 7 143
6 2 67 -2 1 1 143
0 3 67 1 1 35 143
7 3 67 1 2 1 143
8 4 67 1 2 1 143
1 5 67 -2 1 1 143
2 6 67 -2 1 1 143
3 7 67 1 2 1 143
4 8 67 1 2 1 143
4 0 68 1 1 35 143
2 1 68 2 1 7 143
6 1 68 -2 1 1 143
1 2 68 2 1 7 143
5 2 68 2 1 1 143
8 3 68 1 2 1 143
0 4 68 1 1 35 143
7 4 68 -1 2 1 143
2 5 68 2 1 1 143
1 6 68 -2 1 1 143
4 7 68 -1 2 1 143
3 8 68 1 2 1 143
5 0 69 1 1 5 39
3 1 69 1 1 7 39
7 1 69 -1 2 1 39
4 2 69 -1 1 7 39
8 2 69 -1 2 1 39
1 3 69 1 1 7 39
2 4 69 -1 1 7 39
0 5 69 1 1 5 39
1 7 69 -1 2 1 39
2 8 69 -1 2 1 39
6 0 70 1 1 5 39
4 1 70 1 1 7 39
8 1 70 -1 2 1 39
3 2 70 1 1 7 39
7 2 70 1 2 1 39
2 3 70 1 1 7 39
1 4 70 1 1 7 39
0 6 70 1 1 5 39
2 7 70 1 2 1 39
1 8 70 -1 2 1 39
7 0 71 1 1 1 26
5 1 71 2 1 2 65
6 2 71 -2 1 2 65
3 3 71 1 1 14 65
4 4 71 -1 1 14 65
1 5 71 2 1 2 65
2 6 71 -2 1 2 65
0 7 71 1 1 1 26
8 0 72 1 1 1 26
6 1 72 2 1 2 65
5 2 72 2 1 2 65
4 3 72 1 1 14 65
3 4 72 1 1 14 65
2 5 72 2 1 2 65
1 6 72 2 1 2 65
0 8 72 1 1 1 26
7 1 73 1 2 1 5
8 2 73 -1 2 1 5
5 3 73 1 1 1 5
6 4 73 -1 1 1 5
3 5 73 1 1 1 5
4 6 73 -1 1 1 5
1 7 73 1 2 1 5
2 8 73 -1 2 1 5
8 1 74 1 2 1 5
7 2 74 1 2 1 5
6 3 74 1 1 1 5
5 4 74 1 1 1 5
4 5 74 1 1 1 5
3 6 74 1 1 1 5
2 7 74 1 2 1 5
1 8 74 1 2 1 5
7 3 75 1 2 7 15
8 4 75 -1 2 7 15
5 5 75 2 1 1 15
6 6 75 -2 1 1 15
3 7 75 1 2 7 15
4 8 75 -1 2 7 15
8 3 76 1 2 7 15
7 4 76 1 2 7 15
6 5 76 2 1 1 15
5 6 76 2 1 1 15
4 7 76 1 2 7 15
3 8 76 1 2 7 15
7 5 77 1 2 1 1
8 6 77 -1 2 1 1
5 7 77 1 2 1 1
6 8 77 -1 2 1 1
8 5 78 1 2 1 1
7 6 78 1 2 1 1
6 7 78 1 2 1 1
5 8 78 1 2 1 1
7 7 79 1 1 1 2
8 8 79 -1 1 1 2
8 7 80 1 1 1 2
7 8 80 1 1 1 2
