0 0 1 3 1 1 35
1 1 1 2 1 2 35
2 2 1 2 1 2 35
3 3 1 1 1 1 7
4 4 1 1 1 1 7
1 0 2 1 1 6 35
0 1 2 -1 1 3 35
3 1 2 1 1 1 7
4 2 2 1 1 1 7
1 3 2 -1 1 1 70
5 3 2 1 1 3 14
2 4 2 -1 1 1 70
6 4 2 1 1 3 14
2 0 3 1 1 6 35
4 1 3 1 1 1 7
0 2 3 -1 1 3 35
3 2 3 -1 1 1 7
2 3 3 1 1 1 70
6 3 3 1 1 3 14
1 4 3 -1 1 1 70
5 4 3 -1 1 3 14
2 1 4 1 1 -1 7
1 2 4 -1 1 -1 7
4 3 4 1 1 -5 14
3 4 4 -1 1 -5 14
2 0 5 -1 1 -1 7
0 2 5 1 1 -2 7
2 3 5 -1 2 -3 7
6 3 5 1 2 -5 7
1 4 5 1 2 -3 7
5 4 5 -1 2 -5 7
1 0 6 1 1 -1 7
0 1 6 -1 1 -2 7
1 3 6 -1 2 -3 7
5 3 6 -1 2 -5 7
2 4 6 -1 2 -3 7
6 4 6 -1 2 -5 7
4 0 7 -1 1 -5 14
2 1 7 1 2 -3 7
6 1 7 -1 2 -5 7
1 2 7 1 2 -3 7
5 2 7 1 2 -5 7
0 4 7 -1 1 -1 14
3 0 8 1 1 -5 14
1 1 8 -1 2 -3 7
5 1 8 1 2 -5 7
2 2 8 1 2 -3 7
6 2 8 1 2 -5 7
0 3 8 1 1 -1 14
0 0 9 -2 1 1 15
1 1 9 -1 1 1 30
2 2 9 -1 1 1 30
3 3 9 1 1 1 3
4 4 9 1 1 1 3
1 0 10 -1 2 3 5
0 1 10 -1 1 1 30
3 1 10 -1 2 1 2
4 2 10 -1 2 1 2
1 3 10 -1 1 1 5
5 3 10 1 2 1 3
2 4 10 -1 1 1 5
6 4 10 1 2 1 3
2 0 11 -1 2 3 5
4 1 11 -1 2 1 2
0 2 11 -1 1 1 30
3 2 11 1 2 1 2
2 3 11 1 1 1 5
6 3 11 1 2 1 3
1 4 11 -1 1 1 5
5 4 11 -1 2 1 3
1 1 12 -1 2 1 2
5 1 12 -1 2 5 6
2 2 12 1 2 1 2
6 2 12 -1 2 5 6
0 3 12 1 1 1 3
2 1 13 -1 2 1 2
6 1 13 -1 2 5 6
1 2 13 -1 2 1 2
5 2 13 1 2 5 6
0 4 13 1 1 1 3
5 0 14 1 2 5 3
3 1 14 -1 2 5 6
4 2 14 1 2 5 6
1 3 14 1 2 1 3
2 4 14 -1 2 1 3
6 0 15 1 2 5 3
4 1 15 -1 2 5 6
3 2 15 -1 2 5 6
2 3 15 1 2 1 3
1 4 15 1 2 1 3
2 1 16 -1 1 -5 14
1 2 16 1 1 -5 14
4 3 16 1 1 -1 7
3 4 16 -1 1 -1 7
2 0 17 1 2 -3 7
4 1 17 -1 2 -7 10
0 2 17 -1 1 -3 14
3 2 17 1 2 -7 10
2 3 17 -1 1 -1 7
6 3 17 1 2 -3 35
1 4 17 1 1 -1 7
5 4 17 -1 2 -3 35
1 0 18 -1 2 -3 7
0 1 18 1 1 -3 14
3 1 18 1 2 -7 10
4 2 18 1 2 -7 10
1 3 18 -1 1 -1 7
5 3 18 -1 2 -3 35
2 4 18 -1 1 -1 7
6 4 18 -1 2 -3 35
4 0 19 2 1 -3 35
2 1 19 -1 2 -1 14
6 1 19 -3 2 -3 70
1 2 19 -1 2 -1 14
5 2 19 3 2 -3 70
0 4 19 -1 1 -3 7
3 0 20 -2 1 -3 35
1 1 20 1 2 -1 14
5 1 20 3 2 -3 70
2 2 20 -1 2 -1 14
6 2 20 3 2 -3 70
0 3 20 1 1 -3 7
6 0 21 3 2 -1 5
4 1 21 1 2 -1 10
3 2 21 1 2 -1 10
2 3 21 -1 2 -1 1
1 4 21 -1 2 -1 1
5 0 22 -3 2 -1 5
3 1 22 -1 2 -1 10
4 2 22 1 2 -1 10
1 3 22 1 2 -1 1
2 4 22 -1 2 -1 1
6 1 23 1 1 -3 10
5 2 23 1 1 -3 10
4 3 23 -1 1 -1 5
3 4 23 -1 1 -1 5
5 1 24 -1 1 -3 10
6 2 24 1 1 -3 10
3 3 24 1 1 -1 5
4 4 24 -1 1 -1 5
0 0 25 1 1 10 21
1 1 25 -1 1 5 21
2 2 25 -1 1 5 21
3 3 25 1 1 1 42
4 4 25 1 1 1 42
1 0 26 1 1 3 7
0 1 26 2 1 2 21
3 1 26 -1 1 2 35
4 2 26 -1 1 2 35
1 3 26 -1 2 1 7
5 3 26 1 2 1 105
2 4 26 -1 2 1 7
6 4 26 1 2 1 105
2 0 27 1 1 3 7
4 1 27 -1 1 2 35
0 2 27 2 1 2 21
3 2 27 1 1 2 35
2 3 27 1 2 1 7
6 3 27 1 2 1 105
1 4 27 -1 2 1 7
5 4 27 -1 2 1 105
3 0 28 1 1 3 10
1 1 28 1 2 1 1
5 1 28 -1 2 1 15
2 2 28 -1 2 1 1
6 2 28 -1 2 1 15
0 3 28 1 1 1 6
4 0 29 1 1 3 10
2 1 29 1 2 1 1
6 1 29 -1 2 1 15
1 2 29 1 2 1 1
5 2 29 1 2 1 15
0 4 29 1 1 1 6
5 0 30 1 1 2 15
3 1 30 2 1 1 15
4 2 30 -2 1 1 15
1 3 30 1 1 1 6
2 4 30 -1 1 1 6
6 0 31 1 1 2 15
4 1 31 2 1 1 15
3 2 31 2 1 1 15
2 3 31 1 1 1 6
1 4 31 1 1 1 6
5 1 32 1 1 1 5
6 2 32 -1 1 1 5
3 3 32 1 1 3 10
4 4 32 -1 1 3 10
6 1 33 1 1 1 5
5 2 33 1 1 1 5
4 3 33 1 1 3 10
3 4 33 1 1 3 10
5 3 34 1 1 1 2
6 4 34 -1 1 1 2
6 3 35 1 1 1 2
5 4 35 1 1 1 2
