#   pt       r            w            wL          Qw            A            b           IP
     1   0.0000E+00   0.9711E+02   0.2741E+01   0.5135E+01   0.9711E+02  -0.0000E+00   0.0000E+00
     2   0.2000E-01   0.9191E+02   0.2609E+01   0.5132E+01   0.1024E+03   0.5415E+01   0.3665E+01
     3   0.4000E-01   0.7875E+02   0.2483E+01   0.5112E+01   0.1165E+03   0.9788E+01   0.1197E+02
     4   0.6000E-01   0.6292E+02   0.2363E+01   0.5068E+01   0.1315E+03   0.1229E+02   0.1888E+02
     5   0.8000E-01   0.4883E+02   0.2249E+01   0.5000E+01   0.1357E+03   0.1277E+02   0.2039E+02
     6   0.1000E+00   0.3805E+02   0.2141E+01   0.4912E+01   0.1273E+03   0.1207E+02   0.1822E+02
     7   0.1200E+00   0.3013E+02   0.2037E+01   0.4810E+01   0.1176E+03   0.1135E+02   0.1611E+02
     8   0.1400E+00   0.2408E+02   0.1939E+01   0.4695E+01   0.1146E+03   0.1114E+02   0.1552E+02
     9   0.1600E+00   0.1924E+02   0.1845E+01   0.4574E+01   0.1174E+03   0.1130E+02   0.1596E+02
    10   0.1800E+00   0.1532E+02   0.1756E+01   0.4449E+01   0.1218E+03   0.1152E+02   0.1658E+02
    11   0.2000E+00   0.1215E+02   0.1672E+01   0.4326E+01   0.1241E+03   0.1162E+02   0.1687E+02
    12   0.2200E+00   0.9634E+01   0.1591E+01   0.4206E+01   0.1227E+03   0.1157E+02   0.1672E+02
    13   0.2400E+00   0.7656E+01   0.1514E+01   0.4092E+01   0.1182E+03   0.1140E+02   0.1626E+02
    14   0.2600E+00   0.6107E+01   0.1441E+01   0.3984E+01   0.1121E+03   0.1119E+02   0.1565E+02
    15   0.2800E+00   0.4894E+01   0.1371E+01   0.3884E+01   0.1055E+03   0.1097E+02   0.1504E+02
    16   0.3000E+00   0.3938E+01   0.1305E+01   0.3791E+01   0.9936E+02   0.1076E+02   0.1447E+02
    17   0.3200E+00   0.3182E+01   0.1242E+01   0.3706E+01   0.9354E+02   0.1057E+02   0.1395E+02
    18   0.3400E+00   0.2581E+01   0.1182E+01   0.3628E+01   0.8776E+02   0.1037E+02   0.1345E+02
    19   0.3600E+00   0.2101E+01   0.1125E+01   0.3556E+01   0.8153E+02   0.1016E+02   0.1291E+02
    20   0.3800E+00   0.1719E+01   0.1071E+01   0.3491E+01   0.7442E+02   0.9916E+01   0.1229E+02
    21   0.4000E+00   0.1414E+01   0.1019E+01   0.3431E+01   0.6624E+02   0.9617E+01   0.1156E+02
    22   0.4200E+00   0.1171E+01   0.9699E+00   0.3377E+01   0.5708E+02   0.9255E+01   0.1071E+02
    23   0.4400E+00   0.9769E+00   0.9231E+00   0.3327E+01   0.4735E+02   0.8820E+01   0.9724E+01
    24   0.4600E+00   0.8230E+00   0.8786E+00   0.3281E+01   0.3766E+02   0.8312E+01   0.8636E+01
    25   0.4800E+00   0.7009E+00   0.8362E+00   0.3239E+01   0.2872E+02   0.7735E+01   0.7479E+01
    26   0.5000E+00   0.6042E+00   0.7958E+00   0.3200E+01   0.2105E+02   0.7102E+01   0.6304E+01
    27   0.5200E+00   0.5277E+00   0.7574E+00   0.3163E+01   0.1495E+02   0.6430E+01   0.5169E+01
    28   0.5400E+00   0.4672E+00   0.7208E+00   0.3128E+01   0.1040E+02   0.5745E+01   0.4126E+01
    29   0.5600E+00   0.4193E+00   0.6860E+00   0.3095E+01   0.7180E+01   0.5072E+01   0.3216E+01
    30   0.5800E+00   0.3814E+00   0.6529E+00   0.3062E+01   0.4990E+01   0.4434E+01   0.2457E+01
    31   0.6000E+00   0.3511E+00   0.6214E+00   0.3030E+01   0.3536E+01   0.3850E+01   0.1853E+01
    32   0.6200E+00   0.3268E+00   0.5914E+00   0.2998E+01   0.2580E+01   0.3332E+01   0.1388E+01
    33   0.6400E+00   0.3071E+00   0.5628E+00   0.2967E+01   0.1949E+01   0.2888E+01   0.1042E+01
    34   0.6600E+00   0.2910E+00   0.5357E+00   0.2935E+01   0.1531E+01   0.2516E+01   0.7910E+00
    35   0.6800E+00   0.2776E+00   0.5098E+00   0.2903E+01   0.1249E+01   0.2212E+01   0.6116E+00
    36   0.7000E+00   0.2662E+00   0.4852E+00   0.2870E+01   0.1057E+01   0.1970E+01   0.4852E+00
    37   0.7200E+00   0.2565E+00   0.4618E+00   0.2837E+01   0.9253E+00   0.1782E+01   0.3970E+00
    38   0.7400E+00   0.2478E+00   0.4395E+00   0.2804E+01   0.8341E+00   0.1640E+01   0.3362E+00
    39   0.7600E+00   0.2401E+00   0.4183E+00   0.2769E+01   0.7714E+00   0.1536E+01   0.2948E+00
    40   0.7800E+00   0.2330E+00   0.3981E+00   0.2734E+01   0.7293E+00   0.1463E+01   0.2674E+00
    41   0.8000E+00   0.2264E+00   0.3789E+00   0.2698E+01   0.7024E+00   0.1415E+01   0.2503E+00
    42   0.8200E+00   0.2202E+00   0.3606E+00   0.2661E+01   0.6872E+00   0.1388E+01   0.2408E+00
    43   0.8400E+00   0.2142E+00   0.3432E+00   0.2623E+01   0.6811E+00   0.1377E+01   0.2371E+00
    44   0.8600E+00   0.2084E+00   0.3266E+00   0.2585E+01   0.6823E+00   0.1379E+01   0.2378E+00
    45   0.8800E+00   0.2027E+00   0.3108E+00   0.2546E+01   0.6896E+00   0.1392E+01   0.2421E+00
    46   0.9000E+00   0.1971E+00   0.2958E+00   0.2506E+01   0.7020E+00   0.1412E+01   0.2491E+00
    47   0.9200E+00   0.1915E+00   0.2816E+00   0.2466E+01   0.7188E+00   0.1438E+01   0.2583E+00
    48   0.9400E+00   0.1860E+00   0.2680E+00   0.2425E+01   0.7394E+00   0.1468E+01   0.2693E+00
    49   0.9600E+00   0.1806E+00   0.2550E+00   0.2383E+01   0.7633E+00   0.1501E+01   0.2818E+00
    50   0.9800E+00   0.1752E+00   0.2427E+00   0.2341E+01   0.7902E+00   0.1537E+01   0.2953E+00
    51   0.1000E+01   0.1698E+00   0.2310E+00   0.2299E+01   0.8198E+00   0.1574E+01   0.3098E+00
    52   0.1020E+01   0.1645E+00   0.2199E+00   0.2256E+01   0.8517E+00   0.1612E+01   0.3248E+00
    53   0.1040E+01   0.1592E+00   0.2092E+00   0.2213E+01   0.8857E+00   0.1650E+01   0.3403E+00
    54   0.1060E+01   0.1540E+00   0.1991E+00   0.2169E+01   0.9216E+00   0.1688E+01   0.3561E+00
    55   0.1080E+01   0.1488E+00   0.1895E+00   0.2126E+01   0.9593E+00   0.1725E+01   0.3721E+00
    56   0.1100E+01   0.1437E+00   0.1804E+00   0.2082E+01   0.9985E+00   0.1762E+01   0.3881E+00
    57   0.1120E+01   0.1387E+00   0.1717E+00   0.2038E+01   0.1039E+01   0.1798E+01   0.4041E+00
    58   0.1140E+01   0.1338E+00   0.1634E+00   0.1995E+01   0.1081E+01   0.1833E+01   0.4199E+00
    59   0.1160E+01   0.1289E+00   0.1555E+00   0.1951E+01   0.1124E+01   0.1867E+01   0.4356E+00
    60   0.1180E+01   0.1241E+00   0.1480E+00   0.1907E+01   0.1168E+01   0.1900E+01   0.4510E+00
    61   0.1200E+01   0.1195E+00   0.1408E+00   0.1864E+01   0.1213E+01   0.1931E+01   0.4662E+00
    62   0.1220E+01   0.1149E+00   0.1340E+00   0.1821E+01   0.1258E+01   0.1962E+01   0.4811E+00
    63   0.1240E+01   0.1105E+00   0.1276E+00   0.1778E+01   0.1305E+01   0.1991E+01   0.4957E+00
    64   0.1260E+01   0.1061E+00   0.1214E+00   0.1736E+01   0.1352E+01   0.2020E+01   0.5099E+00
    65   0.1280E+01   0.1019E+00   0.1156E+00   0.1693E+01   0.1400E+01   0.2047E+01   0.5238E+00
    66   0.1300E+01   0.9777E-01   0.1100E+00   0.1652E+01   0.1448E+01   0.2073E+01   0.5373E+00
    67   0.1320E+01   0.9378E-01   0.1047E+00   0.1610E+01   0.1497E+01   0.2099E+01   0.5505E+00
    68   0.1340E+01   0.8990E-01   0.9962E-01   0.1570E+01   0.1546E+01   0.2123E+01   0.5634E+00
    69   0.1360E+01   0.8614E-01   0.9481E-01   0.1529E+01   0.1596E+01   0.2146E+01   0.5758E+00
    70   0.1380E+01   0.8250E-01   0.9023E-01   0.1489E+01   0.1645E+01   0.2169E+01   0.5880E+00
    71   0.1400E+01   0.7898E-01   0.8588E-01   0.1450E+01   0.1696E+01   0.2190E+01   0.5997E+00
    72   0.1420E+01   0.7558E-01   0.8173E-01   0.1412E+01   0.1746E+01   0.2211E+01   0.6111E+00
    73   0.1440E+01   0.7230E-01   0.7779E-01   0.1374E+01   0.1796E+01   0.2231E+01   0.6221E+00
    74   0.1460E+01   0.6913E-01   0.7403E-01   0.1336E+01   0.1846E+01   0.2250E+01   0.6328E+00
    75   0.1480E+01   0.6608E-01   0.7046E-01   0.1300E+01   0.1897E+01   0.2268E+01   0.6431E+00
    76   0.1500E+01   0.6313E-01   0.6706E-01   0.1264E+01   0.1947E+01   0.2286E+01   0.6530E+00
    77   0.1520E+01   0.6030E-01   0.6382E-01   0.1228E+01   0.1996E+01   0.2302E+01   0.6626E+00
    78   0.1540E+01   0.5758E-01   0.6074E-01   0.1194E+01   0.2045E+01   0.2318E+01   0.6718E+00
    79   0.1560E+01   0.5496E-01   0.5781E-01   0.1160E+01   0.2094E+01   0.2333E+01   0.6806E+00
    80   0.1580E+01   0.5245E-01   0.5502E-01   0.1126E+01   0.2142E+01   0.2348E+01   0.6890E+00
    81   0.1600E+01   0.5004E-01   0.5236E-01   0.1094E+01   0.2189E+01   0.2361E+01   0.6971E+00
    82   0.1620E+01   0.4772E-01   0.4983E-01   0.1062E+01   0.2235E+01   0.2374E+01   0.7047E+00
    83   0.1640E+01   0.4550E-01   0.4743E-01   0.1031E+01   0.2280E+01   0.2387E+01   0.7120E+00
    84   0.1660E+01   0.4338E-01   0.4514E-01   0.1000E+01   0.2323E+01   0.2398E+01   0.7189E+00
    85   0.1680E+01   0.4134E-01   0.4296E-01   0.9707E+00   0.2366E+01   0.2409E+01   0.7253E+00
    86   0.1700E+01   0.3939E-01   0.4089E-01   0.9417E+00   0.2406E+01   0.2419E+01   0.7314E+00
    87   0.1720E+01   0.3753E-01   0.3891E-01   0.9135E+00   0.2445E+01   0.2428E+01   0.7371E+00
    88   0.1740E+01   0.3575E-01   0.3703E-01   0.8859E+00   0.2482E+01   0.2437E+01   0.7424E+00
    89   0.1760E+01   0.3404E-01   0.3525E-01   0.8591E+00   0.2517E+01   0.2445E+01   0.7472E+00
    90   0.1780E+01   0.3242E-01   0.3354E-01   0.8329E+00   0.2550E+01   0.2452E+01   0.7517E+00
    91   0.1800E+01   0.3086E-01   0.3193E-01   0.8074E+00   0.2580E+01   0.2459E+01   0.7558E+00
    92   0.1820E+01   0.2938E-01   0.3038E-01   0.7826E+00   0.2608E+01   0.2465E+01   0.7594E+00
    93   0.1840E+01   0.2797E-01   0.2892E-01   0.7585E+00   0.2633E+01   0.2470E+01   0.7627E+00
    94   0.1860E+01   0.2662E-01   0.2752E-01   0.7350E+00   0.2656E+01   0.2475E+01   0.7656E+00
    95   0.1880E+01   0.2533E-01   0.2619E-01   0.7122E+00   0.2676E+01   0.2479E+01   0.7681E+00
    96   0.1900E+01   0.2410E-01   0.2493E-01   0.6900E+00   0.2694E+01   0.2482E+01   0.7702E+00
    97   0.1920E+01   0.2294E-01   0.2373E-01   0.6685E+00   0.2708E+01   0.2485E+01   0.7719E+00
    98   0.1940E+01   0.2182E-01   0.2258E-01   0.6475E+00   0.2720E+01   0.2487E+01   0.7733E+00
    99   0.1960E+01   0.2076E-01   0.2149E-01   0.6272E+00   0.2729E+01   0.2489E+01   0.7744E+00
   100   0.1980E+01   0.1976E-01   0.2045E-01   0.6074E+00   0.2735E+01   0.2490E+01   0.7750E+00
   101   0.2000E+01   0.1880E-01   0.1947E-01   0.5882E+00   0.2738E+01   0.2491E+01   0.7754E+00
   102   0.2020E+01   0.1788E-01   0.1853E-01   0.5696E+00   0.2738E+01   0.2491E+01   0.7754E+00
   103   0.2040E+01   0.1701E-01   0.1763E-01   0.5516E+00   0.2736E+01   0.2490E+01   0.7752E+00
   104   0.2060E+01   0.1619E-01   0.1678E-01   0.5340E+00   0.2731E+01   0.2489E+01   0.7746E+00
   105   0.2080E+01   0.1540E-01   0.1597E-01   0.5170E+00   0.2723E+01   0.2488E+01   0.7738E+00
   106   0.2100E+01   0.1465E-01   0.1520E-01   0.5005E+00   0.2713E+01   0.2486E+01   0.7727E+00
   107   0.2120E+01   0.1394E-01   0.1447E-01   0.4845E+00   0.2701E+01   0.2484E+01   0.7713E+00
   108   0.2140E+01   0.1327E-01   0.1377E-01   0.4690E+00   0.2686E+01   0.2482E+01   0.7698E+00
   109   0.2160E+01   0.1263E-01   0.1310E-01   0.4540E+00   0.2669E+01   0.2479E+01   0.7680E+00
   110   0.2180E+01   0.1202E-01   0.1247E-01   0.4394E+00   0.2651E+01   0.2475E+01   0.7660E+00
   111   0.2200E+01   0.1144E-01   0.1187E-01   0.4253E+00   0.2631E+01   0.2472E+01   0.7638E+00
   112   0.2220E+01   0.1088E-01   0.1130E-01   0.4116E+00   0.2609E+01   0.2468E+01   0.7615E+00
   113   0.2240E+01   0.1036E-01   0.1075E-01   0.3983E+00   0.2586E+01   0.2464E+01   0.7590E+00
   114   0.2260E+01   0.9862E-02   0.1023E-01   0.3855E+00   0.2561E+01   0.2460E+01   0.7564E+00
   115   0.2280E+01   0.9389E-02   0.9737E-02   0.3730E+00   0.2536E+01   0.2456E+01   0.7537E+00
   116   0.2300E+01   0.8940E-02   0.9267E-02   0.3609E+00   0.2509E+01   0.2451E+01   0.7509E+00
   117   0.2320E+01   0.8512E-02   0.8820E-02   0.3492E+00   0.2482E+01   0.2446E+01   0.7481E+00
   118   0.2340E+01   0.8106E-02   0.8394E-02   0.3379E+00   0.2455E+01   0.2441E+01   0.7451E+00
   119   0.2360E+01   0.7720E-02   0.7989E-02   0.3269E+00   0.2426E+01   0.2437E+01   0.7421E+00
   120   0.2380E+01   0.7354E-02   0.7603E-02   0.3163E+00   0.2398E+01   0.2432E+01   0.7391E+00
   121   0.2400E+01   0.7005E-02   0.7236E-02   0.3060E+00   0.2369E+01   0.2427E+01   0.7360E+00
   122   0.2420E+01   0.6673E-02   0.6887E-02   0.2960E+00   0.2340E+01   0.2421E+01   0.7329E+00
   123   0.2440E+01   0.6358E-02   0.6555E-02   0.2863E+00   0.2311E+01   0.2416E+01   0.7298E+00
   124   0.2460E+01   0.6059E-02   0.6238E-02   0.2770E+00   0.2283E+01   0.2411E+01   0.7268E+00
   125   0.2480E+01   0.5774E-02   0.5937E-02   0.2679E+00   0.2255E+01   0.2406E+01   0.7237E+00
   126   0.2500E+01   0.5503E-02   0.5650E-02   0.2591E+00   0.2227E+01   0.2401E+01   0.7207E+00
   127   0.2520E+01   0.5245E-02   0.5378E-02   0.2506E+00   0.2199E+01   0.2396E+01   0.7178E+00
   128   0.2540E+01   0.5000E-02   0.5118E-02   0.2424E+00   0.2172E+01   0.2391E+01   0.7148E+00
   129   0.2560E+01   0.4766E-02   0.4871E-02   0.2344E+00   0.2146E+01   0.2387E+01   0.7119E+00
   130   0.2580E+01   0.4544E-02   0.4636E-02   0.2267E+00   0.2120E+01   0.2382E+01   0.7091E+00
   131   0.2600E+01   0.4333E-02   0.4412E-02   0.2192E+00   0.2094E+01   0.2377E+01   0.7064E+00
   132   0.2620E+01   0.4132E-02   0.4199E-02   0.2119E+00   0.2070E+01   0.2373E+01   0.7037E+00
   133   0.2640E+01   0.3941E-02   0.3996E-02   0.2049E+00   0.2046E+01   0.2368E+01   0.7011E+00
   134   0.2660E+01   0.3759E-02   0.3803E-02   0.1981E+00   0.2023E+01   0.2364E+01   0.6985E+00
   135   0.2680E+01   0.3585E-02   0.3620E-02   0.1916E+00   0.2000E+01   0.2360E+01   0.6961E+00
   136   0.2700E+01   0.3420E-02   0.3445E-02   0.1852E+00   0.1979E+01   0.2356E+01   0.6937E+00
   137   0.2720E+01   0.3263E-02   0.3279E-02   0.1790E+00   0.1958E+01   0.2352E+01   0.6914E+00
   138   0.2740E+01   0.3113E-02   0.3121E-02   0.1730E+00   0.1938E+01   0.2348E+01   0.6892E+00
   139   0.2760E+01   0.2970E-02   0.2970E-02   0.1673E+00   0.1919E+01   0.2344E+01   0.6870E+00
   140   0.2780E+01   0.2834E-02   0.2827E-02   0.1617E+00   0.1900E+01   0.2341E+01   0.6850E+00
   141   0.2800E+01   0.2705E-02   0.2690E-02   0.1563E+00   0.1882E+01   0.2338E+01   0.6830E+00
   142   0.2820E+01   0.2581E-02   0.2560E-02   0.1510E+00   0.1865E+01   0.2334E+01   0.6811E+00
   143   0.2840E+01   0.2464E-02   0.2437E-02   0.1459E+00   0.1849E+01   0.2331E+01   0.6793E+00
   144   0.2860E+01   0.2352E-02   0.2319E-02   0.1410E+00   0.1833E+01   0.2328E+01   0.6775E+00
   145   0.2880E+01   0.2245E-02   0.2207E-02   0.1363E+00   0.1818E+01   0.2325E+01   0.6759E+00
   146   0.2900E+01   0.2143E-02   0.2101E-02   0.1317E+00   0.1803E+01   0.2322E+01   0.6742E+00
   147   0.2920E+01   0.2046E-02   0.1999E-02   0.1272E+00   0.1789E+01   0.2320E+01   0.6727E+00
   148   0.2940E+01   0.1953E-02   0.1903E-02   0.1229E+00   0.1776E+01   0.2317E+01   0.6712E+00
   149   0.2960E+01   0.1864E-02   0.1811E-02   0.1187E+00   0.1763E+01   0.2315E+01   0.6698E+00
   150   0.2980E+01   0.1780E-02   0.1723E-02   0.1147E+00   0.1751E+01   0.2313E+01   0.6685E+00
   151   0.3000E+01   0.1700E-02   0.1640E-02   0.1108E+00   0.1739E+01   0.2310E+01   0.6672E+00
   152   0.3020E+01   0.1623E-02   0.1561E-02   0.1070E+00   0.1728E+01   0.2308E+01   0.6659E+00
   153   0.3040E+01   0.1550E-02   0.1486E-02   0.1033E+00   0.1717E+01   0.2306E+01   0.6648E+00
   154   0.3060E+01   0.1480E-02   0.1414E-02   0.9979E-01   0.1707E+01   0.2304E+01   0.6636E+00
   155   0.3080E+01   0.1413E-02   0.1346E-02   0.9636E-01   0.1697E+01   0.2302E+01   0.6625E+00
   156   0.3100E+01   0.1350E-02   0.1281E-02   0.9305E-01   0.1688E+01   0.2300E+01   0.6615E+00
   157   0.3120E+01   0.1289E-02   0.1219E-02   0.8984E-01   0.1679E+01   0.2299E+01   0.6605E+00
   158   0.3140E+01   0.1231E-02   0.1160E-02   0.8674E-01   0.1670E+01   0.2297E+01   0.6595E+00
   159   0.3160E+01   0.1176E-02   0.1104E-02   0.8374E-01   0.1661E+01   0.2295E+01   0.6586E+00
   160   0.3180E+01   0.1123E-02   0.1051E-02   0.8084E-01   0.1653E+01   0.2294E+01   0.6577E+00
   161   0.3200E+01   0.1073E-02   0.1000E-02   0.7803E-01   0.1645E+01   0.2292E+01   0.6568E+00
   162   0.3220E+01   0.1025E-02   0.9518E-03   0.7531E-01   0.1638E+01   0.2291E+01   0.6560E+00
   163   0.3240E+01   0.9789E-03   0.9058E-03   0.7269E-01   0.1631E+01   0.2289E+01   0.6552E+00
   164   0.3260E+01   0.9351E-03   0.8621E-03   0.7015E-01   0.1624E+01   0.2288E+01   0.6545E+00
   165   0.3280E+01   0.8933E-03   0.8205E-03   0.6769E-01   0.1617E+01   0.2287E+01   0.6537E+00
   166   0.3300E+01   0.8534E-03   0.7809E-03   0.6532E-01   0.1610E+01   0.2286E+01   0.6530E+00
   167   0.3320E+01   0.8152E-03   0.7432E-03   0.6302E-01   0.1604E+01   0.2285E+01   0.6524E+00
   168   0.3340E+01   0.7788E-03   0.7073E-03   0.6080E-01   0.1598E+01   0.2283E+01   0.6518E+00
   169   0.3360E+01   0.7441E-03   0.6732E-03   0.5865E-01   0.1593E+01   0.2282E+01   0.6511E+00
   170   0.3380E+01   0.7109E-03   0.6407E-03   0.5657E-01   0.1587E+01   0.2281E+01   0.6506E+00
   171   0.3400E+01   0.6792E-03   0.6098E-03   0.5457E-01   0.1582E+01   0.2280E+01   0.6500E+00
   172   0.3420E+01   0.6489E-03   0.5803E-03   0.5263E-01   0.1577E+01   0.2280E+01   0.6495E+00
   173   0.3440E+01   0.6200E-03   0.5523E-03   0.5075E-01   0.1573E+01   0.2279E+01   0.6491E+00
   174   0.3460E+01   0.5924E-03   0.5256E-03   0.4894E-01   0.1569E+01   0.2278E+01   0.6486E+00
   175   0.3480E+01   0.5660E-03   0.5003E-03   0.4719E-01   0.1565E+01   0.2277E+01   0.6482E+00
   176   0.3500E+01   0.5408E-03   0.4761E-03   0.4549E-01   0.1561E+01   0.2277E+01   0.6479E+00
   177   0.3520E+01   0.5167E-03   0.4531E-03   0.4386E-01   0.1558E+01   0.2276E+01   0.6475E+00
   178   0.3540E+01   0.4937E-03   0.4313E-03   0.4227E-01   0.1556E+01   0.2276E+01   0.6472E+00
   179   0.3560E+01   0.4718E-03   0.4104E-03   0.4075E-01   0.1553E+01   0.2275E+01   0.6470E+00
   180   0.3580E+01   0.4508E-03   0.3906E-03   0.3927E-01   0.1551E+01   0.2275E+01   0.6468E+00
   181   0.3600E+01   0.4307E-03   0.3718E-03   0.3784E-01   0.1550E+01   0.2274E+01   0.6467E+00
   182   0.3620E+01   0.4116E-03   0.3538E-03   0.3646E-01   0.1549E+01   0.2274E+01   0.6466E+00
   183   0.3640E+01   0.3933E-03   0.3368E-03   0.3513E-01   0.1548E+01   0.2274E+01   0.6465E+00
   184   0.3660E+01   0.3758E-03   0.3205E-03   0.3384E-01   0.1548E+01   0.2274E+01   0.6465E+00
   185   0.3680E+01   0.3591E-03   0.3050E-03   0.3260E-01   0.1549E+01   0.2274E+01   0.6466E+00
   186   0.3700E+01   0.3431E-03   0.2903E-03   0.3140E-01   0.1550E+01   0.2275E+01   0.6467E+00
   187   0.3720E+01   0.3279E-03   0.2763E-03   0.3024E-01   0.1552E+01   0.2275E+01   0.6469E+00
   188   0.3740E+01   0.3133E-03   0.2630E-03   0.2912E-01   0.1554E+01   0.2275E+01   0.6471E+00
   189   0.3760E+01   0.2993E-03   0.2503E-03   0.2803E-01   0.1558E+01   0.2276E+01   0.6474E+00
   190   0.3780E+01   0.2860E-03   0.2382E-03   0.2699E-01   0.1561E+01   0.2276E+01   0.6478E+00
   191   0.3800E+01   0.2733E-03   0.2267E-03   0.2598E-01   0.1566E+01   0.2277E+01   0.6482E+00
   192   0.3820E+01   0.2611E-03   0.2157E-03   0.2500E-01   0.1571E+01   0.2278E+01   0.6487E+00
   193   0.3840E+01   0.2495E-03   0.2053E-03   0.2406E-01   0.1578E+01   0.2279E+01   0.6493E+00
   194   0.3860E+01   0.2384E-03   0.1954E-03   0.2315E-01   0.1585E+01   0.2280E+01   0.6500E+00
   195   0.3880E+01   0.2277E-03   0.1860E-03   0.2228E-01   0.1593E+01   0.2282E+01   0.6507E+00
   196   0.3900E+01   0.2176E-03   0.1770E-03   0.2143E-01   0.1602E+01   0.2283E+01   0.6516E+00
   197   0.3920E+01   0.2079E-03   0.1685E-03   0.2061E-01   0.1612E+01   0.2285E+01   0.6525E+00
   198   0.3940E+01   0.1986E-03   0.1603E-03   0.1983E-01   0.1623E+01   0.2286E+01   0.6535E+00
   199   0.3960E+01   0.1897E-03   0.1526E-03   0.1906E-01   0.1635E+01   0.2288E+01   0.6545E+00
   200   0.3980E+01   0.1812E-03   0.1452E-03   0.1833E-01   0.1648E+01   0.2290E+01   0.6557E+00
   201   0.4000E+01   0.1731E-03   0.1382E-03   0.1762E-01   0.1663E+01   0.2293E+01   0.6570E+00
   202   0.4020E+01   0.1653E-03   0.1315E-03   0.1694E-01   0.1678E+01   0.2295E+01   0.6583E+00
   203   0.4040E+01   0.1579E-03   0.1252E-03   0.1628E-01   0.1696E+01   0.2297E+01   0.6598E+00
   204   0.4060E+01   0.1508E-03   0.1191E-03   0.1564E-01   0.1714E+01   0.2300E+01   0.6613E+00
   205   0.4080E+01   0.1440E-03   0.1134E-03   0.1503E-01   0.1734E+01   0.2303E+01   0.6629E+00
   206   0.4100E+01   0.1375E-03   0.1079E-03   0.1444E-01   0.1755E+01   0.2306E+01   0.6647E+00
   207   0.4120E+01   0.1313E-03   0.1027E-03   0.1387E-01   0.1778E+01   0.2309E+01   0.6665E+00
   208   0.4140E+01   0.1254E-03   0.9775E-04   0.1332E-01   0.1803E+01   0.2312E+01   0.6684E+00
   209   0.4160E+01   0.1197E-03   0.9303E-04   0.1279E-01   0.1829E+01   0.2316E+01   0.6704E+00
   210   0.4180E+01   0.1143E-03   0.8854E-04   0.1227E-01   0.1858E+01   0.2320E+01   0.6726E+00
   211   0.4200E+01   0.1091E-03   0.8427E-04   0.1178E-01   0.1888E+01   0.2323E+01   0.6748E+00
   212   0.4220E+01   0.1042E-03   0.8020E-04   0.1131E-01   0.1920E+01   0.2327E+01   0.6771E+00
   213   0.4240E+01   0.9942E-04   0.7633E-04   0.1085E-01   0.1954E+01   0.2332E+01   0.6796E+00
   214   0.4260E+01   0.9489E-04   0.7265E-04   0.1041E-01   0.1991E+01   0.2336E+01   0.6821E+00
   215   0.4280E+01   0.9055E-04   0.6914E-04   0.9983E-02   0.2030E+01   0.2341E+01   0.6848E+00
   216   0.4300E+01   0.8641E-04   0.6580E-04   0.9574E-02   0.2071E+01   0.2345E+01   0.6875E+00
   217   0.4320E+01   0.8244E-04   0.6262E-04   0.9180E-02   0.2115E+01   0.2350E+01   0.6904E+00
   218   0.4340E+01   0.7865E-04   0.5960E-04   0.8800E-02   0.2162E+01   0.2355E+01   0.6933E+00
   219   0.4360E+01   0.7503E-04   0.5672E-04   0.8435E-02   0.2211E+01   0.2360E+01   0.6964E+00
   220   0.4380E+01   0.7157E-04   0.5399E-04   0.8083E-02   0.2264E+01   0.2366E+01   0.6996E+00
   221   0.4400E+01   0.6826E-04   0.5138E-04   0.7744E-02   0.2320E+01   0.2371E+01   0.7029E+00
   222   0.4420E+01   0.6509E-04   0.4890E-04   0.7419E-02   0.2379E+01   0.2377E+01   0.7063E+00
   223   0.4440E+01   0.6207E-04   0.4654E-04   0.7105E-02   0.2442E+01   0.2383E+01   0.7098E+00
   224   0.4460E+01   0.5917E-04   0.4429E-04   0.6803E-02   0.2509E+01   0.2389E+01   0.7134E+00
   225   0.4480E+01   0.5641E-04   0.4215E-04   0.6513E-02   0.2580E+01   0.2395E+01   0.7171E+00
   226   0.4500E+01   0.5377E-04   0.4012E-04   0.6234E-02   0.2655E+01   0.2402E+01   0.7210E+00
   227   0.4520E+01   0.5124E-04   0.3818E-04   0.5966E-02   0.2734E+01   0.2408E+01   0.7249E+00
   228   0.4540E+01   0.4883E-04   0.3634E-04   0.5708E-02   0.2819E+01   0.2415E+01   0.7289E+00
   229   0.4560E+01   0.4652E-04   0.3459E-04   0.5460E-02   0.2908E+01   0.2422E+01   0.7331E+00
   230   0.4580E+01   0.4432E-04   0.3292E-04   0.5222E-02   0.3003E+01   0.2429E+01   0.7374E+00
   231   0.4600E+01   0.4222E-04   0.3133E-04   0.4992E-02   0.3104E+01   0.2436E+01   0.7417E+00
   232   0.4620E+01   0.4021E-04   0.2982E-04   0.4772E-02   0.3211E+01   0.2443E+01   0.7462E+00
   233   0.4640E+01   0.3829E-04   0.2838E-04   0.4561E-02   0.3325E+01   0.2451E+01   0.7508E+00
   234   0.4660E+01   0.3645E-04   0.2701E-04   0.4358E-02   0.3446E+01   0.2458E+01   0.7555E+00
   235   0.4680E+01   0.3470E-04   0.2570E-04   0.4163E-02   0.3574E+01   0.2466E+01   0.7603E+00
   236   0.4700E+01   0.3303E-04   0.2446E-04   0.3976E-02   0.3710E+01   0.2474E+01   0.7653E+00
   237   0.4720E+01   0.3143E-04   0.2328E-04   0.3796E-02   0.3855E+01   0.2482E+01   0.7703E+00
   238   0.4740E+01   0.2991E-04   0.2216E-04   0.3624E-02   0.4008E+01   0.2491E+01   0.7754E+00
   239   0.4760E+01   0.2845E-04   0.2109E-04   0.3458E-02   0.4172E+01   0.2499E+01   0.7807E+00
   240   0.4780E+01   0.2706E-04   0.2007E-04   0.3300E-02   0.4346E+01   0.2508E+01   0.7861E+00
   241   0.4800E+01   0.2573E-04   0.1910E-04   0.3148E-02   0.4532E+01   0.2516E+01   0.7915E+00
   242   0.4820E+01   0.2447E-04   0.1818E-04   0.3002E-02   0.4729E+01   0.2525E+01   0.7971E+00
   243   0.4840E+01   0.2326E-04   0.1730E-04   0.2862E-02   0.4940E+01   0.2534E+01   0.8028E+00
   244   0.4860E+01   0.2211E-04   0.1647E-04   0.2728E-02   0.5164E+01   0.2543E+01   0.8087E+00
   245   0.4880E+01   0.2101E-04   0.1567E-04   0.2599E-02   0.5404E+01   0.2553E+01   0.8146E+00
   246   0.4900E+01   0.1996E-04   0.1491E-04   0.2476E-02   0.5660E+01   0.2562E+01   0.8206E+00
   247   0.4920E+01   0.1896E-04   0.1419E-04   0.2358E-02   0.5933E+01   0.2572E+01   0.8268E+00
   248   0.4940E+01   0.1801E-04   0.1351E-04   0.2245E-02   0.6225E+01   0.2582E+01   0.8331E+00
   249   0.4960E+01   0.1710E-04   0.1286E-04   0.2137E-02   0.6538E+01   0.2591E+01   0.8395E+00
   250   0.4980E+01   0.1624E-04   0.1224E-04   0.2034E-02   0.6872E+01   0.2602E+01   0.8460E+00
   251   0.5000E+01   0.1541E-04   0.1165E-04   0.1935E-02   0.7230E+01   0.2612E+01   0.8526E+00
   252   0.5020E+01   0.1463E-04   0.1108E-04   0.1840E-02   0.7615E+01   0.2622E+01   0.8594E+00
   253   0.5040E+01   0.1388E-04   0.1055E-04   0.1749E-02   0.8027E+01   0.2633E+01   0.8663E+00
   254   0.5060E+01   0.1317E-04   0.1004E-04   0.1663E-02   0.8469E+01   0.2643E+01   0.8733E+00
   255   0.5080E+01   0.1249E-04   0.9555E-05   0.1580E-02   0.8945E+01   0.2654E+01   0.8804E+00
   256   0.5100E+01   0.1184E-04   0.9094E-05   0.1501E-02   0.9457E+01   0.2665E+01   0.8877E+00
   257   0.5120E+01   0.1122E-04   0.8655E-05   0.1425E-02   0.1001E+02   0.2676E+01   0.8951E+00
   258   0.5140E+01   0.1064E-04   0.8237E-05   0.1353E-02   0.1060E+02   0.2687E+01   0.9026E+00
   259   0.5160E+01   0.1008E-04   0.7839E-05   0.1284E-02   0.1124E+02   0.2699E+01   0.9103E+00
   260   0.5180E+01   0.9549E-05   0.7461E-05   0.1218E-02   0.1193E+02   0.2710E+01   0.9181E+00
   261   0.5200E+01   0.9045E-05   0.7101E-05   0.1155E-02   0.1268E+02   0.2722E+01   0.9260E+00
   262   0.5220E+01   0.8564E-05   0.6758E-05   0.1095E-02   0.1349E+02   0.2734E+01   0.9341E+00
   263   0.5240E+01   0.8108E-05   0.6432E-05   0.1037E-02   0.1436E+02   0.2746E+01   0.9424E+00
   264   0.5260E+01   0.7674E-05   0.6121E-05   0.9828E-03   0.1531E+02   0.2758E+01   0.9508E+00
   265   0.5280E+01   0.7261E-05   0.5826E-05   0.9307E-03   0.1635E+02   0.2770E+01   0.9593E+00
   266   0.5300E+01   0.6869E-05   0.5545E-05   0.8810E-03   0.1747E+02   0.2783E+01   0.9680E+00
   267   0.5320E+01   0.6496E-05   0.5277E-05   0.8337E-03   0.1869E+02   0.2796E+01   0.9769E+00
   268   0.5340E+01   0.6142E-05   0.5022E-05   0.7886E-03   0.2002E+02   0.2808E+01   0.9859E+00
   269   0.5360E+01   0.5806E-05   0.4780E-05   0.7456E-03   0.2147E+02   0.2822E+01   0.9951E+00
   270   0.5380E+01   0.5486E-05   0.4549E-05   0.7047E-03   0.2306E+02   0.2835E+01   0.1005E+01
   271   0.5400E+01   0.5183E-05   0.4329E-05   0.6657E-03   0.2480E+02   0.2848E+01   0.1014E+01
   272   0.5420E+01   0.4896E-05   0.4120E-05   0.6287E-03   0.2671E+02   0.2862E+01   0.1024E+01
   273   0.5440E+01   0.4623E-05   0.3922E-05   0.5934E-03   0.2881E+02   0.2876E+01   0.1034E+01
   274   0.5460E+01   0.4364E-05   0.3732E-05   0.5599E-03   0.3111E+02   0.2890E+01   0.1044E+01
   275   0.5480E+01   0.4118E-05   0.3552E-05   0.5280E-03   0.3366E+02   0.2904E+01   0.1054E+01
   276   0.5500E+01   0.3885E-05   0.3381E-05   0.4977E-03   0.3646E+02   0.2919E+01   0.1065E+01
   277   0.5520E+01   0.3664E-05   0.3217E-05   0.4689E-03   0.3957E+02   0.2934E+01   0.1076E+01
   278   0.5540E+01   0.3455E-05   0.3062E-05   0.4416E-03   0.4301E+02   0.2949E+01   0.1087E+01
   279   0.5560E+01   0.3256E-05   0.2914E-05   0.4156E-03   0.4684E+02   0.2964E+01   0.1098E+01
   280   0.5580E+01   0.3069E-05   0.2774E-05   0.3909E-03   0.5109E+02   0.2980E+01   0.1110E+01
   281   0.5600E+01   0.2891E-05   0.2640E-05   0.3676E-03   0.5584E+02   0.2996E+01   0.1122E+01
   282   0.5620E+01   0.2722E-05   0.2512E-05   0.3454E-03   0.6116E+02   0.3012E+01   0.1134E+01
   283   0.5640E+01   0.2562E-05   0.2391E-05   0.3243E-03   0.6712E+02   0.3029E+01   0.1147E+01
   284   0.5660E+01   0.2411E-05   0.2276E-05   0.3044E-03   0.7381E+02   0.3045E+01   0.1159E+01
   285   0.5680E+01   0.2269E-05   0.2166E-05   0.2855E-03   0.8136E+02   0.3063E+01   0.1172E+01
   286   0.5700E+01   0.2133E-05   0.2061E-05   0.2676E-03   0.8989E+02   0.3080E+01   0.1186E+01
   287   0.5720E+01   0.2006E-05   0.1962E-05   0.2506E-03   0.9956E+02   0.3098E+01   0.1200E+01
   288   0.5740E+01   0.1885E-05   0.1867E-05   0.2346E-03   0.1106E+03   0.3116E+01   0.1214E+01
   289   0.5760E+01   0.1771E-05   0.1777E-05   0.2194E-03   0.1231E+03   0.3135E+01   0.1228E+01
   290   0.5780E+01   0.1663E-05   0.1691E-05   0.2050E-03   0.1375E+03   0.3154E+01   0.1244E+01
   291   0.5800E+01   0.1561E-05   0.1610E-05   0.1915E-03   0.1540E+03   0.3174E+01   0.1259E+01
   292   0.5820E+01   0.1464E-05   0.1532E-05   0.1786E-03   0.1730E+03   0.3194E+01   0.1275E+01
   293   0.5840E+01   0.1374E-05   0.1458E-05   0.1665E-03   0.1950E+03   0.3214E+01   0.1291E+01
   294   0.5860E+01   0.1288E-05   0.1387E-05   0.1551E-03   0.2206E+03   0.3235E+01   0.1308E+01
   295   0.5880E+01   0.1207E-05   0.1321E-05   0.1443E-03   0.2504E+03   0.3257E+01   0.1326E+01
   296   0.5900E+01   0.1130E-05   0.1257E-05   0.1341E-03   0.2855E+03   0.3279E+01   0.1344E+01
   297   0.5920E+01   0.1058E-05   0.1196E-05   0.1245E-03   0.3268E+03   0.3302E+01   0.1363E+01
   298   0.5940E+01   0.9905E-06   0.1138E-05   0.1154E-03   0.3757E+03   0.3326E+01   0.1382E+01
   299   0.5960E+01   0.9266E-06   0.1083E-05   0.1069E-03   0.4340E+03   0.3350E+01   0.1403E+01
   300   0.5980E+01   0.8663E-06   0.1031E-05   0.9888E-04   0.5038E+03   0.3375E+01   0.1424E+01
   301   0.6000E+01   0.8096E-06   0.9813E-06   0.9133E-04   0.5879E+03   0.3401E+01   0.1445E+01
   302   0.6020E+01   0.7561E-06   0.9340E-06   0.8422E-04   0.6900E+03   0.3427E+01   0.1468E+01
   303   0.6040E+01   0.7059E-06   0.8889E-06   0.7755E-04   0.8146E+03   0.3455E+01   0.1492E+01
   304   0.6060E+01   0.6585E-06   0.8460E-06   0.7127E-04   0.9680E+03   0.3483E+01   0.1517E+01
   305   0.6080E+01   0.6141E-06   0.8051E-06   0.6538E-04   0.1158E+04   0.3513E+01   0.1542E+01
   306   0.6100E+01   0.5722E-06   0.7663E-06   0.5986E-04   0.1396E+04   0.3543E+01   0.1570E+01
   307   0.6120E+01   0.5329E-06   0.7293E-06   0.5468E-04   0.1696E+04   0.3575E+01   0.1598E+01
   308   0.6140E+01   0.4960E-06   0.6941E-06   0.4982E-04   0.2078E+04   0.3608E+01   0.1628E+01
   309   0.6160E+01   0.4613E-06   0.6606E-06   0.4527E-04   0.2570E+04   0.3643E+01   0.1659E+01
   310   0.6180E+01   0.4287E-06   0.6287E-06   0.4102E-04   0.3209E+04   0.3679E+01   0.1692E+01
   311   0.6200E+01   0.3981E-06   0.5983E-06   0.3704E-04   0.4051E+04   0.3717E+01   0.1727E+01
   312   0.6220E+01   0.3695E-06   0.5695E-06   0.3332E-04   0.5173E+04   0.3756E+01   0.1763E+01
   313   0.6240E+01   0.3426E-06   0.5420E-06   0.2985E-04   0.6690E+04   0.3797E+01   0.1802E+01
   314   0.6260E+01   0.3174E-06   0.5158E-06   0.2661E-04   0.8770E+04   0.3841E+01   0.1844E+01
   315   0.6280E+01   0.2938E-06   0.4909E-06   0.2359E-04   0.1167E+05   0.3886E+01   0.1888E+01
   316   0.6300E+01   0.2717E-06   0.4672E-06   0.2078E-04   0.1578E+05   0.3934E+01   0.1935E+01
   317   0.6320E+01   0.2510E-06   0.4447E-06   0.1817E-04   0.2173E+05   0.3985E+01   0.1985E+01
   318   0.6340E+01   0.2317E-06   0.4232E-06   0.1574E-04   0.3051E+05   0.4038E+01   0.2039E+01
   319   0.6360E+01   0.2136E-06   0.4028E-06   0.1348E-04   0.4378E+05   0.4095E+01   0.2096E+01
   320   0.6380E+01   0.1967E-06   0.3833E-06   0.1139E-04   0.6433E+05   0.4156E+01   0.2159E+01
   321   0.6400E+01   0.1809E-06   0.3648E-06   0.9454E-05   0.9706E+05   0.4220E+01   0.2226E+01
   322   0.6420E+01   0.1661E-06   0.3472E-06   0.7663E-05   0.1508E+06   0.4289E+01   0.2299E+01
   323   0.6440E+01   0.1523E-06   0.3304E-06   0.6010E-05   0.2422E+06   0.4363E+01   0.2379E+01
   324   0.6460E+01   0.1395E-06   0.3145E-06   0.4485E-05   0.4036E+06   0.4442E+01   0.2466E+01
   325   0.6480E+01   0.1275E-06   0.2993E-06   0.3081E-05   0.7009E+06   0.4527E+01   0.2562E+01
   326   0.6500E+01   0.1164E-06   0.2849E-06   0.1791E-05   0.1276E+07   0.4619E+01   0.2667E+01
   327   0.6520E+01   0.1060E-06   0.2711E-06   0.6068E-06   0.2450E+07   0.4720E+01   0.2784E+01
   328   0.6540E+01   0.9636E-07   0.2580E-06  -0.4770E-06   0.5001E+07   0.4829E+01   0.2915E+01
   329   0.6560E+01   0.8739E-07   0.2456E-06  -0.1467E-05   0.1095E+08   0.4948E+01   0.3061E+01
   330   0.6580E+01   0.7905E-07   0.2337E-06  -0.2369E-05   0.2601E+08   0.5080E+01   0.3226E+01
   331   0.6600E+01   0.7131E-07   0.2224E-06  -0.3189E-05   0.6793E+08   0.5226E+01   0.3414E+01
   332   0.6620E+01   0.6413E-07   0.2117E-06  -0.3932E-05   0.1984E+09   0.5388E+01   0.3629E+01
   333   0.6640E+01   0.5748E-07   0.2015E-06  -0.4604E-05   0.6613E+09   0.5570E+01   0.3877E+01
   334   0.6660E+01   0.5132E-07   0.1918E-06  -0.5208E-05   0.2584E+10   0.5774E+01   0.4168E+01
   335   0.6680E+01   0.4562E-07   0.1825E-06  -0.5749E-05   0.1224E+11   0.6008E+01   0.4511E+01
   336   0.6700E+01   0.4035E-07   0.1737E-06  -0.6232E-05   0.7347E+11   0.6276E+01   0.4923E+01
   337   0.6720E+01   0.3548E-07   0.1653E-06  -0.6661E-05   0.5922E+12   0.6587E+01   0.5423E+01
   338   0.6740E+01   0.3099E-07   0.1573E-06  -0.7039E-05   0.6940E+13   0.6952E+01   0.6042E+01
   339   0.6760E+01   0.2685E-07   0.1497E-06  -0.7370E-05   0.1320E+15   0.7389E+01   0.6824E+01
   340   0.6780E+01   0.2305E-07   0.1425E-06  -0.7657E-05   0.4775E+16   0.7919E+01   0.7838E+01
   341   0.6800E+01   0.1955E-07   0.1356E-06  -0.7903E-05   0.4154E+18   0.8576E+01   0.9194E+01
   342   0.6820E+01   0.1633E-07   0.1291E-06  -0.8112E-05   0.1252E+21   0.9414E+01   0.1108E+02
   343   0.6840E+01   0.1339E-07   0.1228E-06  -0.8286E-05   0.2378E+24   0.1052E+02   0.1383E+02
   344   0.6860E+01   0.1069E-07   0.1169E-06  -0.8428E-05   0.8186E+28   0.1204E+02   0.1813E+02
   345   0.6880E+01   0.8232E-08   0.1113E-06  -0.8540E-05   0.3972E+35   0.1429E+02   0.2551E+02
   346   0.6900E+01   0.5986E-08   0.1059E-06  -0.8624E-05   0.2642E+46   0.1790E+02   0.4006E+02
   347   0.6920E+01   0.3941E-08   0.1008E-06  -0.8684E-05   0.8033E+66   0.2473E+02   0.7642E+02
   348   0.6940E+01   0.2083E-08   0.9592E-07  -0.8720E-05   0.1680+120   0.4244E+02   0.2251E+03
   349   0.6960E+01   0.4000E-09   0.9129E-07  -0.8735E-05     Infinity   0.2001E+03   0.5004E+04
   350   0.6980E+01  -0.1122E-08   0.8689E-07  -0.8730E-05  -0.6593-204  -0.6440E+02   0.5185E+03
   351   0.7000E+01  -0.2494E-08   0.8269E-07  -0.8708E-05  -0.1314E-87  -0.2608E+02   0.8501E+02
   352   0.7020E+01  -0.3726E-08   0.7870E-07  -0.8669E-05  -0.6952E-56  -0.1566E+02   0.3064E+02
   353   0.7040E+01  -0.4830E-08   0.7490E-07  -0.8616E-05  -0.4779E-41  -0.1079E+02   0.1457E+02
   354   0.7060E+01  -0.5815E-08   0.7129E-07  -0.8549E-05  -0.1963E-32  -0.7981E+01   0.7963E+01
   355   0.7080E+01  -0.6690E-08   0.6784E-07  -0.8471E-05  -0.8457E-27  -0.6146E+01   0.4722E+01
   356   0.7100E+01  -0.7463E-08   0.6457E-07  -0.8381E-05  -0.8028E-23  -0.4854E+01   0.2946E+01
   357   0.7120E+01  -0.8141E-08   0.6145E-07  -0.8282E-05  -0.7332E-20  -0.3895E+01   0.1897E+01
   358   0.7140E+01  -0.8733E-08   0.5849E-07  -0.8174E-05  -0.1435E-17  -0.3155E+01   0.1245E+01
   359   0.7160E+01  -0.9246E-08   0.5566E-07  -0.8059E-05  -0.9650E-16  -0.2567E+01   0.8235E+00
   360   0.7180E+01  -0.9685E-08   0.5298E-07  -0.7936E-05  -0.3002E-14  -0.2087E+01   0.5446E+00
   361   0.7200E+01  -0.1006E-07   0.5042E-07  -0.7808E-05  -0.5256E-13  -0.1689E+01   0.3566E+00
   362   0.7220E+01  -0.1037E-07   0.4798E-07  -0.7674E-05  -0.5924E-12  -0.1353E+01   0.2289E+00
   363   0.7240E+01  -0.1062E-07   0.4567E-07  -0.7537E-05  -0.4730E-11  -0.1066E+01   0.1420E+00
   364   0.7260E+01  -0.1082E-07   0.4346E-07  -0.7395E-05  -0.2868E-10  -0.8172E+00   0.8348E-01
   365   0.7280E+01  -0.1097E-07   0.4137E-07  -0.7250E-05  -0.1392E-09  -0.5999E+00   0.4499E-01
   366   0.7300E+01  -0.1109E-07   0.3937E-07  -0.7103E-05  -0.5622E-09  -0.4084E+00   0.2085E-01
   367   0.7320E+01  -0.1116E-07   0.3747E-07  -0.6953E-05  -0.1949E-08  -0.2383E+00   0.7100E-02
   368   0.7340E+01  -0.1119E-07   0.3566E-07  -0.6802E-05  -0.5945E-08  -0.8619E-01   0.9286E-03
   369   0.7360E+01  -0.1120E-07   0.3394E-07  -0.6650E-05  -0.1626E-07   0.5069E-01   0.3212E-03
   370   0.7380E+01  -0.1117E-07   0.3230E-07  -0.6498E-05  -0.4050E-07   0.1745E+00   0.3807E-02
   371   0.7400E+01  -0.1112E-07   0.3074E-07  -0.6345E-05  -0.9305E-07   0.2871E+00   0.1030E-01
   372   0.7420E+01  -0.1104E-07   0.2926E-07  -0.6192E-05  -0.1993E-06   0.3899E+00   0.1900E-01
   373   0.7440E+01  -0.1095E-07   0.2784E-07  -0.6039E-05  -0.4015E-06   0.4841E+00   0.2930E-01
   374   0.7460E+01  -0.1083E-07   0.2650E-07  -0.5887E-05  -0.7662E-06   0.5709E+00   0.4074E-01
   375   0.7480E+01  -0.1070E-07   0.2522E-07  -0.5736E-05  -0.1394E-05   0.6510E+00   0.5298E-01
   376   0.7500E+01  -0.1055E-07   0.2400E-07  -0.5586E-05  -0.2430E-05   0.7252E+00   0.6574E-01
   377   0.7520E+01  -0.1040E-07   0.2285E-07  -0.5438E-05  -0.4079E-05   0.7942E+00   0.7884E-01
   378   0.7540E+01  -0.1023E-07   0.2174E-07  -0.5291E-05  -0.6617E-05   0.8584E+00   0.9211E-01
   379   0.7560E+01  -0.1004E-07   0.2069E-07  -0.5146E-05  -0.1041E-04   0.9184E+00   0.1054E+00
   380   0.7580E+01  -0.9856E-08   0.1969E-07  -0.5002E-05  -0.1593E-04   0.9746E+00   0.1187E+00
   381   0.7600E+01  -0.9661E-08   0.1874E-07  -0.4861E-05  -0.2376E-04   0.1027E+01   0.1319E+00
   382   0.7620E+01  -0.9460E-08   0.1784E-07  -0.4722E-05  -0.3465E-04   0.1077E+01   0.1450E+00
   383   0.7640E+01  -0.9254E-08   0.1698E-07  -0.4585E-05  -0.4949E-04   0.1124E+01   0.1578E+00
   384   0.7660E+01  -0.9044E-08   0.1616E-07  -0.4450E-05  -0.6933E-04   0.1168E+01   0.1704E+00
   385   0.7680E+01  -0.8832E-08   0.1538E-07  -0.4318E-05  -0.9545E-04   0.1209E+01   0.1828E+00
   386   0.7700E+01  -0.8617E-08   0.1464E-07  -0.4189E-05  -0.1293E-03   0.1249E+01   0.1949E+00
   387   0.7720E+01  -0.8401E-08   0.1393E-07  -0.4061E-05  -0.1725E-03   0.1286E+01   0.2068E+00
   388   0.7740E+01  -0.8185E-08   0.1326E-07  -0.3937E-05  -0.2271E-03   0.1322E+01   0.2184E+00
   389   0.7760E+01  -0.7969E-08   0.1262E-07  -0.3815E-05  -0.2952E-03   0.1356E+01   0.2297E+00
   390   0.7780E+01  -0.7753E-08   0.1201E-07  -0.3696E-05  -0.3791E-03   0.1388E+01   0.2408E+00
   391   0.7800E+01  -0.7539E-08   0.1143E-07  -0.3579E-05  -0.4816E-03   0.1419E+01   0.2515E+00
   392   0.7820E+01  -0.7326E-08   0.1088E-07  -0.3465E-05  -0.6056E-03   0.1448E+01   0.2621E+00
   393   0.7840E+01  -0.7115E-08   0.1035E-07  -0.3354E-05  -0.7544E-03   0.1476E+01   0.2723E+00
   394   0.7860E+01  -0.6906E-08   0.9852E-08  -0.3245E-05  -0.9313E-03   0.1503E+01   0.2823E+00
   395   0.7880E+01  -0.6699E-08   0.9376E-08  -0.3139E-05  -0.1140E-02   0.1529E+01   0.2920E+00
   396   0.7900E+01  -0.6496E-08   0.8924E-08  -0.3036E-05  -0.1385E-02   0.1553E+01   0.3015E+00
   397   0.7920E+01  -0.6296E-08   0.8493E-08  -0.2936E-05  -0.1670E-02   0.1577E+01   0.3108E+00
   398   0.7940E+01  -0.6099E-08   0.8083E-08  -0.2838E-05  -0.2000E-02   0.1600E+01   0.3198E+00
   399   0.7960E+01  -0.5906E-08   0.7693E-08  -0.2742E-05  -0.2380E-02   0.1621E+01   0.3286E+00
   400   0.7980E+01  -0.5716E-08   0.7321E-08  -0.2650E-05  -0.2815E-02   0.1643E+01   0.3372E+00
   401   0.8000E+01  -0.5530E-08   0.6968E-08  -0.2559E-05  -0.3311E-02   0.1663E+01   0.3456E+00
   402   0.8020E+01  -0.5348E-08   0.6632E-08  -0.2472E-05  -0.3872E-02   0.1682E+01   0.3538E+00
   403   0.8040E+01  -0.5170E-08   0.6311E-08  -0.2386E-05  -0.4506E-02   0.1701E+01   0.3618E+00
   404   0.8060E+01  -0.4997E-08   0.6007E-08  -0.2304E-05  -0.5219E-02   0.1719E+01   0.3696E+00
   405   0.8080E+01  -0.4827E-08   0.5717E-08  -0.2223E-05  -0.6016E-02   0.1737E+01   0.3772E+00
   406   0.8100E+01  -0.4661E-08   0.5441E-08  -0.2145E-05  -0.6906E-02   0.1754E+01   0.3846E+00
   407   0.8120E+01  -0.4500E-08   0.5178E-08  -0.2070E-05  -0.7894E-02   0.1771E+01   0.3919E+00
   408   0.8140E+01  -0.4342E-08   0.4928E-08  -0.1996E-05  -0.8990E-02   0.1787E+01   0.3990E+00
   409   0.8160E+01  -0.4189E-08   0.4690E-08  -0.1925E-05  -0.1020E-01   0.1802E+01   0.4060E+00
   410   0.8180E+01  -0.4040E-08   0.4464E-08  -0.1856E-05  -0.1153E-01   0.1817E+01   0.4128E+00
   411   0.8200E+01  -0.3896E-08   0.4248E-08  -0.1789E-05  -0.1299E-01   0.1832E+01   0.4194E+00
   412   0.8220E+01  -0.3755E-08   0.4043E-08  -0.1724E-05  -0.1460E-01   0.1846E+01   0.4259E+00
   413   0.8240E+01  -0.3618E-08   0.3848E-08  -0.1661E-05  -0.1635E-01   0.1860E+01   0.4323E+00
   414   0.8260E+01  -0.3486E-08   0.3662E-08  -0.1601E-05  -0.1826E-01   0.1873E+01   0.4385E+00
   415   0.8280E+01  -0.3357E-08   0.3486E-08  -0.1542E-05  -0.2033E-01   0.1886E+01   0.4447E+00
   416   0.8300E+01  -0.3233E-08   0.3317E-08  -0.1485E-05  -0.2259E-01   0.1899E+01   0.4507E+00
   417   0.8320E+01  -0.3112E-08   0.3157E-08  -0.1430E-05  -0.2503E-01   0.1911E+01   0.4565E+00
   418   0.8340E+01  -0.2995E-08   0.3005E-08  -0.1377E-05  -0.2767E-01   0.1923E+01   0.4623E+00
   419   0.8360E+01  -0.2881E-08   0.2860E-08  -0.1325E-05  -0.3052E-01   0.1935E+01   0.4680E+00
   420   0.8380E+01  -0.2772E-08   0.2722E-08  -0.1275E-05  -0.3359E-01   0.1946E+01   0.4735E+00
   421   0.8400E+01  -0.2666E-08   0.2590E-08  -0.1227E-05  -0.3689E-01   0.1958E+01   0.4790E+00
   422   0.8420E+01  -0.2563E-08   0.2465E-08  -0.1181E-05  -0.4044E-01   0.1968E+01   0.4843E+00
   423   0.8440E+01  -0.2464E-08   0.2346E-08  -0.1136E-05  -0.4425E-01   0.1979E+01   0.4896E+00
   424   0.8460E+01  -0.2368E-08   0.2233E-08  -0.1093E-05  -0.4833E-01   0.1990E+01   0.4948E+00
   425   0.8480E+01  -0.2275E-08   0.2125E-08  -0.1051E-05  -0.5269E-01   0.2000E+01   0.4999E+00
   426   0.8500E+01  -0.2186E-08   0.2023E-08  -0.1010E-05  -0.5736E-01   0.2010E+01   0.5049E+00
   427   0.8520E+01  -0.2099E-08   0.1925E-08  -0.9714E-06  -0.6235E-01   0.2020E+01   0.5098E+00
   428   0.8540E+01  -0.2016E-08   0.1832E-08  -0.9338E-06  -0.6766E-01   0.2029E+01   0.5147E+00
   429   0.8560E+01  -0.1936E-08   0.1744E-08  -0.8975E-06  -0.7333E-01   0.2039E+01   0.5195E+00
   430   0.8580E+01  -0.1858E-08   0.1659E-08  -0.8625E-06  -0.7936E-01   0.2048E+01   0.5242E+00
   431   0.8600E+01  -0.1784E-08   0.1579E-08  -0.8287E-06  -0.8577E-01   0.2057E+01   0.5288E+00
   432   0.8620E+01  -0.1712E-08   0.1503E-08  -0.7962E-06  -0.9259E-01   0.2066E+01   0.5334E+00
   433   0.8640E+01  -0.1642E-08   0.1431E-08  -0.7648E-06  -0.9983E-01   0.2074E+01   0.5379E+00
   434   0.8660E+01  -0.1575E-08   0.1362E-08  -0.7345E-06  -0.1075E+00   0.2083E+01   0.5424E+00
   435   0.8680E+01  -0.1511E-08   0.1296E-08  -0.7054E-06  -0.1157E+00   0.2091E+01   0.5468E+00
   436   0.8700E+01  -0.1449E-08   0.1233E-08  -0.6773E-06  -0.1243E+00   0.2100E+01   0.5511E+00
   437   0.8720E+01  -0.1389E-08   0.1174E-08  -0.6503E-06  -0.1334E+00   0.2108E+01   0.5554E+00
   438   0.8740E+01  -0.1332E-08   0.1117E-08  -0.6242E-06  -0.1431E+00   0.2116E+01   0.5596E+00
   439   0.8760E+01  -0.1276E-08   0.1063E-08  -0.5991E-06  -0.1533E+00   0.2124E+01   0.5638E+00
   440   0.8780E+01  -0.1223E-08   0.1012E-08  -0.5750E-06  -0.1642E+00   0.2132E+01   0.5679E+00
   441   0.8800E+01  -0.1172E-08   0.9630E-09  -0.5517E-06  -0.1756E+00   0.2139E+01   0.5720E+00
   442   0.8820E+01  -0.1123E-08   0.9165E-09  -0.5293E-06  -0.1877E+00   0.2147E+01   0.5761E+00
   443   0.8840E+01  -0.1076E-08   0.8722E-09  -0.5078E-06  -0.2005E+00   0.2154E+01   0.5801E+00
   444   0.8860E+01  -0.1030E-08   0.8301E-09  -0.4871E-06  -0.2140E+00   0.2162E+01   0.5840E+00
   445   0.8880E+01  -0.9865E-09   0.7901E-09  -0.4671E-06  -0.2282E+00   0.2169E+01   0.5880E+00
   446   0.8900E+01  -0.9446E-09   0.7519E-09  -0.4480E-06  -0.2432E+00   0.2176E+01   0.5919E+00
   447   0.8920E+01  -0.9043E-09   0.7156E-09  -0.4295E-06  -0.2590E+00   0.2183E+01   0.5957E+00
   448   0.8940E+01  -0.8656E-09   0.6811E-09  -0.4118E-06  -0.2757E+00   0.2190E+01   0.5995E+00
   449   0.8960E+01  -0.8285E-09   0.6482E-09  -0.3947E-06  -0.2933E+00   0.2197E+01   0.6033E+00
   450   0.8980E+01  -0.7928E-09   0.6169E-09  -0.3783E-06  -0.3118E+00   0.2204E+01   0.6071E+00
   451   0.9000E+01  -0.7586E-09   0.5871E-09  -0.3626E-06  -0.3313E+00   0.2211E+01   0.6108E+00
