#   pt       r            w            wL          Qw            A            b           IP
     1   0.0000E+00   0.2170E+03   0.6812E+01   0.8432E+01   0.2170E+03  -0.0000E+00   0.0000E+00
     2   0.2000E-01   0.2024E+03   0.6444E+01   0.8425E+01   0.2322E+03   0.6861E+01   0.5885E+01
     3   0.4000E-01   0.1660E+03   0.6097E+01   0.8383E+01   0.2758E+03   0.1268E+02   0.2011E+02
     4   0.6000E-01   0.1236E+03   0.5768E+01   0.8293E+01   0.3307E+03   0.1640E+02   0.3363E+02
     5   0.8000E-01   0.8778E+02   0.5457E+01   0.8165E+01   0.3523E+03   0.1737E+02   0.3772E+02
     6   0.1000E+00   0.6258E+02   0.5162E+01   0.8015E+01   0.3178E+03   0.1625E+02   0.3300E+02
     7   0.1200E+00   0.4591E+02   0.4884E+01   0.7852E+01   0.2717E+03   0.1482E+02   0.2744E+02
     8   0.1400E+00   0.3438E+02   0.4620E+01   0.7684E+01   0.2539E+03   0.1428E+02   0.2549E+02
     9   0.1600E+00   0.2579E+02   0.4371E+01   0.7516E+01   0.2647E+03   0.1455E+02   0.2648E+02
    10   0.1800E+00   0.1918E+02   0.4135E+01   0.7354E+01   0.2865E+03   0.1502E+02   0.2820E+02
    11   0.2000E+00   0.1417E+02   0.3912E+01   0.7205E+01   0.2966E+03   0.1521E+02   0.2891E+02
    12   0.2200E+00   0.1048E+02   0.3701E+01   0.7070E+01   0.2794E+03   0.1493E+02   0.2785E+02
    13   0.2400E+00   0.7824E+01   0.3502E+01   0.6950E+01   0.2359E+03   0.1419E+02   0.2518E+02
    14   0.2600E+00   0.5950E+01   0.3313E+01   0.6843E+01   0.1815E+03   0.1314E+02   0.2160E+02
    15   0.2800E+00   0.4629E+01   0.3134E+01   0.6747E+01   0.1317E+03   0.1196E+02   0.1787E+02
    16   0.3000E+00   0.3688E+01   0.2965E+01   0.6660E+01   0.9329E+02   0.1077E+02   0.1450E+02
    17   0.3200E+00   0.3007E+01   0.2805E+01   0.6579E+01   0.6602E+02   0.9653E+01   0.1165E+02
    18   0.3400E+00   0.2505E+01   0.2654E+01   0.6504E+01   0.4696E+02   0.8620E+01   0.9288E+01
    19   0.3600E+00   0.2129E+01   0.2511E+01   0.6433E+01   0.3345E+02   0.7651E+01   0.7317E+01
    20   0.3800E+00   0.1844E+01   0.2375E+01   0.6365E+01   0.2375E+02   0.6725E+01   0.5654E+01
    21   0.4000E+00   0.1627E+01   0.2247E+01   0.6299E+01   0.1681E+02   0.5838E+01   0.4260E+01
    22   0.4200E+00   0.1460E+01   0.2126E+01   0.6234E+01   0.1192E+02   0.5001E+01   0.3126E+01
    23   0.4400E+00   0.1331E+01   0.2011E+01   0.6169E+01   0.8578E+01   0.4234E+01   0.2241E+01
    24   0.4600E+00   0.1232E+01   0.1903E+01   0.6104E+01   0.6336E+01   0.3561E+01   0.1585E+01
    25   0.4800E+00   0.1154E+01   0.1800E+01   0.6038E+01   0.4858E+01   0.2995E+01   0.1121E+01
    26   0.5000E+00   0.1092E+01   0.1703E+01   0.5971E+01   0.3892E+01   0.2542E+01   0.8080E+00
    27   0.5200E+00   0.1041E+01   0.1611E+01   0.5901E+01   0.3268E+01   0.2199E+01   0.6046E+00
    28   0.5400E+00   0.9991E+00   0.1524E+01   0.5829E+01   0.2871E+01   0.1955E+01   0.4778E+00
    29   0.5600E+00   0.9624E+00   0.1442E+01   0.5754E+01   0.2630E+01   0.1795E+01   0.4028E+00
    30   0.5800E+00   0.9294E+00   0.1364E+01   0.5677E+01   0.2497E+01   0.1704E+01   0.3630E+00
    31   0.6000E+00   0.8987E+00   0.1291E+01   0.5597E+01   0.2443E+01   0.1667E+01   0.3472E+00
    32   0.6200E+00   0.8693E+00   0.1221E+01   0.5515E+01   0.2447E+01   0.1669E+01   0.3482E+00
    33   0.6400E+00   0.8405E+00   0.1155E+01   0.5429E+01   0.2494E+01   0.1700E+01   0.3611E+00
    34   0.6600E+00   0.8120E+00   0.1093E+01   0.5342E+01   0.2576E+01   0.1749E+01   0.3824E+00
    35   0.6800E+00   0.7836E+00   0.1034E+01   0.5252E+01   0.2683E+01   0.1810E+01   0.4095E+00
    36   0.7000E+00   0.7553E+00   0.9782E+00   0.5160E+01   0.2810E+01   0.1877E+01   0.4403E+00
    37   0.7200E+00   0.7270E+00   0.9254E+00   0.5066E+01   0.2950E+01   0.1945E+01   0.4730E+00
    38   0.7400E+00   0.6988E+00   0.8755E+00   0.4970E+01   0.3098E+01   0.2013E+01   0.5063E+00
    39   0.7600E+00   0.6707E+00   0.8283E+00   0.4873E+01   0.3251E+01   0.2077E+01   0.5391E+00
    40   0.7800E+00   0.6431E+00   0.7836E+00   0.4776E+01   0.3404E+01   0.2136E+01   0.5706E+00
    41   0.8000E+00   0.6158E+00   0.7413E+00   0.4677E+01   0.3554E+01   0.2191E+01   0.6002E+00
    42   0.8200E+00   0.5891E+00   0.7014E+00   0.4578E+01   0.3700E+01   0.2241E+01   0.6276E+00
    43   0.8400E+00   0.5631E+00   0.6635E+00   0.4478E+01   0.3838E+01   0.2285E+01   0.6527E+00
    44   0.8600E+00   0.5377E+00   0.6277E+00   0.4378E+01   0.3969E+01   0.2324E+01   0.6754E+00
    45   0.8800E+00   0.5131E+00   0.5939E+00   0.4278E+01   0.4091E+01   0.2359E+01   0.6957E+00
    46   0.9000E+00   0.4893E+00   0.5618E+00   0.4178E+01   0.4203E+01   0.2390E+01   0.7138E+00
    47   0.9200E+00   0.4663E+00   0.5315E+00   0.4079E+01   0.4307E+01   0.2416E+01   0.7298E+00
    48   0.9400E+00   0.4442E+00   0.5029E+00   0.3980E+01   0.4402E+01   0.2440E+01   0.7441E+00
    49   0.9600E+00   0.4230E+00   0.4757E+00   0.3882E+01   0.4489E+01   0.2461E+01   0.7568E+00
    50   0.9800E+00   0.4026E+00   0.4501E+00   0.3784E+01   0.4569E+01   0.2479E+01   0.7680E+00
    51   0.1000E+01   0.3830E+00   0.4258E+00   0.3687E+01   0.4643E+01   0.2495E+01   0.7781E+00
    52   0.1020E+01   0.3643E+00   0.4028E+00   0.3591E+01   0.4712E+01   0.2509E+01   0.7872E+00
    53   0.1040E+01   0.3465E+00   0.3811E+00   0.3497E+01   0.4776E+01   0.2523E+01   0.7954E+00
    54   0.1060E+01   0.3294E+00   0.3606E+00   0.3403E+01   0.4836E+01   0.2535E+01   0.8030E+00
    55   0.1080E+01   0.3131E+00   0.3411E+00   0.3311E+01   0.4894E+01   0.2546E+01   0.8100E+00
    56   0.1100E+01   0.2975E+00   0.3227E+00   0.3220E+01   0.4949E+01   0.2556E+01   0.8166E+00
    57   0.1120E+01   0.2826E+00   0.3053E+00   0.3130E+01   0.5003E+01   0.2566E+01   0.8229E+00
    58   0.1140E+01   0.2685E+00   0.2888E+00   0.3041E+01   0.5056E+01   0.2575E+01   0.8289E+00
    59   0.1160E+01   0.2550E+00   0.2733E+00   0.2954E+01   0.5108E+01   0.2584E+01   0.8346E+00
    60   0.1180E+01   0.2421E+00   0.2585E+00   0.2869E+01   0.5160E+01   0.2593E+01   0.8402E+00
    61   0.1200E+01   0.2299E+00   0.2446E+00   0.2785E+01   0.5212E+01   0.2601E+01   0.8457E+00
    62   0.1220E+01   0.2182E+00   0.2314E+00   0.2703E+01   0.5265E+01   0.2609E+01   0.8511E+00
    63   0.1240E+01   0.2071E+00   0.2189E+00   0.2622E+01   0.5318E+01   0.2617E+01   0.8564E+00
    64   0.1260E+01   0.1965E+00   0.2071E+00   0.2543E+01   0.5371E+01   0.2625E+01   0.8616E+00
    65   0.1280E+01   0.1864E+00   0.1959E+00   0.2465E+01   0.5425E+01   0.2633E+01   0.8668E+00
    66   0.1300E+01   0.1769E+00   0.1854E+00   0.2389E+01   0.5479E+01   0.2641E+01   0.8719E+00
    67   0.1320E+01   0.1677E+00   0.1754E+00   0.2315E+01   0.5535E+01   0.2649E+01   0.8770E+00
    68   0.1340E+01   0.1591E+00   0.1659E+00   0.2242E+01   0.5590E+01   0.2656E+01   0.8820E+00
    69   0.1360E+01   0.1508E+00   0.1570E+00   0.2171E+01   0.5647E+01   0.2664E+01   0.8869E+00
    70   0.1380E+01   0.1430E+00   0.1485E+00   0.2102E+01   0.5704E+01   0.2671E+01   0.8918E+00
    71   0.1400E+01   0.1356E+00   0.1405E+00   0.2034E+01   0.5761E+01   0.2678E+01   0.8966E+00
    72   0.1420E+01   0.1285E+00   0.1329E+00   0.1968E+01   0.5819E+01   0.2685E+01   0.9013E+00
    73   0.1440E+01   0.1217E+00   0.1257E+00   0.1904E+01   0.5876E+01   0.2692E+01   0.9060E+00
    74   0.1460E+01   0.1154E+00   0.1189E+00   0.1841E+01   0.5934E+01   0.2699E+01   0.9105E+00
    75   0.1480E+01   0.1093E+00   0.1125E+00   0.1780E+01   0.5992E+01   0.2706E+01   0.9150E+00
    76   0.1500E+01   0.1035E+00   0.1065E+00   0.1721E+01   0.6049E+01   0.2712E+01   0.9193E+00
    77   0.1520E+01   0.9805E-01   0.1007E+00   0.1663E+01   0.6107E+01   0.2718E+01   0.9236E+00
    78   0.1540E+01   0.9286E-01   0.9529E-01   0.1607E+01   0.6163E+01   0.2724E+01   0.9277E+00
    79   0.1560E+01   0.8793E-01   0.9015E-01   0.1553E+01   0.6220E+01   0.2730E+01   0.9317E+00
    80   0.1580E+01   0.8325E-01   0.8529E-01   0.1500E+01   0.6275E+01   0.2736E+01   0.9355E+00
    81   0.1600E+01   0.7882E-01   0.8069E-01   0.1448E+01   0.6329E+01   0.2741E+01   0.9392E+00
    82   0.1620E+01   0.7461E-01   0.7633E-01   0.1398E+01   0.6382E+01   0.2746E+01   0.9428E+00
    83   0.1640E+01   0.7062E-01   0.7222E-01   0.1350E+01   0.6434E+01   0.2751E+01   0.9462E+00
    84   0.1660E+01   0.6683E-01   0.6832E-01   0.1303E+01   0.6484E+01   0.2756E+01   0.9494E+00
    85   0.1680E+01   0.6325E-01   0.6464E-01   0.1257E+01   0.6532E+01   0.2760E+01   0.9525E+00
    86   0.1700E+01   0.5985E-01   0.6115E-01   0.1213E+01   0.6579E+01   0.2765E+01   0.9554E+00
    87   0.1720E+01   0.5662E-01   0.5785E-01   0.1170E+01   0.6623E+01   0.2768E+01   0.9581E+00
    88   0.1740E+01   0.5357E-01   0.5473E-01   0.1129E+01   0.6664E+01   0.2772E+01   0.9606E+00
    89   0.1760E+01   0.5068E-01   0.5178E-01   0.1089E+01   0.6703E+01   0.2775E+01   0.9629E+00
    90   0.1780E+01   0.4794E-01   0.4899E-01   0.1050E+01   0.6739E+01   0.2778E+01   0.9650E+00
    91   0.1800E+01   0.4535E-01   0.4634E-01   0.1012E+01   0.6771E+01   0.2781E+01   0.9668E+00
    92   0.1820E+01   0.4290E-01   0.4384E-01   0.9760E+00   0.6800E+01   0.2783E+01   0.9685E+00
    93   0.1840E+01   0.4057E-01   0.4148E-01   0.9409E+00   0.6825E+01   0.2785E+01   0.9699E+00
    94   0.1860E+01   0.3837E-01   0.3924E-01   0.9070E+00   0.6846E+01   0.2787E+01   0.9710E+00
    95   0.1880E+01   0.3629E-01   0.3712E-01   0.8742E+00   0.6864E+01   0.2789E+01   0.9720E+00
    96   0.1900E+01   0.3432E-01   0.3512E-01   0.8425E+00   0.6876E+01   0.2789E+01   0.9726E+00
    97   0.1920E+01   0.3246E-01   0.3323E-01   0.8119E+00   0.6884E+01   0.2790E+01   0.9731E+00
    98   0.1940E+01   0.3070E-01   0.3144E-01   0.7823E+00   0.6888E+01   0.2790E+01   0.9732E+00
    99   0.1960E+01   0.2903E-01   0.2974E-01   0.7538E+00   0.6886E+01   0.2790E+01   0.9732E+00
   100   0.1980E+01   0.2746E-01   0.2814E-01   0.7262E+00   0.6879E+01   0.2790E+01   0.9728E+00
   101   0.2000E+01   0.2597E-01   0.2662E-01   0.6997E+00   0.6867E+01   0.2789E+01   0.9722E+00
   102   0.2020E+01   0.2456E-01   0.2518E-01   0.6740E+00   0.6850E+01   0.2788E+01   0.9714E+00
   103   0.2040E+01   0.2323E-01   0.2382E-01   0.6493E+00   0.6828E+01   0.2786E+01   0.9702E+00
   104   0.2060E+01   0.2197E-01   0.2254E-01   0.6254E+00   0.6801E+01   0.2784E+01   0.9689E+00
   105   0.2080E+01   0.2078E-01   0.2132E-01   0.6024E+00   0.6768E+01   0.2782E+01   0.9673E+00
   106   0.2100E+01   0.1966E-01   0.2017E-01   0.5802E+00   0.6730E+01   0.2779E+01   0.9654E+00
   107   0.2120E+01   0.1859E-01   0.1909E-01   0.5588E+00   0.6688E+01   0.2776E+01   0.9633E+00
   108   0.2140E+01   0.1759E-01   0.1806E-01   0.5382E+00   0.6640E+01   0.2773E+01   0.9610E+00
   109   0.2160E+01   0.1664E-01   0.1708E-01   0.5183E+00   0.6588E+01   0.2769E+01   0.9584E+00
   110   0.2180E+01   0.1575E-01   0.1616E-01   0.4992E+00   0.6532E+01   0.2765E+01   0.9557E+00
   111   0.2200E+01   0.1490E-01   0.1529E-01   0.4807E+00   0.6471E+01   0.2761E+01   0.9528E+00
   112   0.2220E+01   0.1410E-01   0.1446E-01   0.4629E+00   0.6406E+01   0.2756E+01   0.9496E+00
   113   0.2240E+01   0.1334E-01   0.1368E-01   0.4458E+00   0.6338E+01   0.2751E+01   0.9463E+00
   114   0.2260E+01   0.1263E-01   0.1295E-01   0.4293E+00   0.6267E+01   0.2746E+01   0.9429E+00
   115   0.2280E+01   0.1196E-01   0.1225E-01   0.4134E+00   0.6192E+01   0.2741E+01   0.9393E+00
   116   0.2300E+01   0.1132E-01   0.1159E-01   0.3980E+00   0.6115E+01   0.2736E+01   0.9355E+00
   117   0.2320E+01   0.1072E-01   0.1096E-01   0.3833E+00   0.6036E+01   0.2730E+01   0.9317E+00
   118   0.2340E+01   0.1015E-01   0.1037E-01   0.3690E+00   0.5955E+01   0.2724E+01   0.9277E+00
   119   0.2360E+01   0.9610E-02   0.9811E-02   0.3553E+00   0.5873E+01   0.2718E+01   0.9237E+00
   120   0.2380E+01   0.9102E-02   0.9282E-02   0.3421E+00   0.5789E+01   0.2712E+01   0.9196E+00
   121   0.2400E+01   0.8622E-02   0.8781E-02   0.3294E+00   0.5704E+01   0.2706E+01   0.9154E+00
   122   0.2420E+01   0.8168E-02   0.8308E-02   0.3171E+00   0.5619E+01   0.2700E+01   0.9112E+00
   123   0.2440E+01   0.7739E-02   0.7860E-02   0.3053E+00   0.5534E+01   0.2694E+01   0.9069E+00
   124   0.2460E+01   0.7334E-02   0.7436E-02   0.2940E+00   0.5449E+01   0.2687E+01   0.9027E+00
   125   0.2480E+01   0.6951E-02   0.7035E-02   0.2830E+00   0.5365E+01   0.2681E+01   0.8984E+00
   126   0.2500E+01   0.6588E-02   0.6655E-02   0.2725E+00   0.5281E+01   0.2675E+01   0.8942E+00
   127   0.2520E+01   0.6245E-02   0.6296E-02   0.2623E+00   0.5198E+01   0.2668E+01   0.8900E+00
   128   0.2540E+01   0.5921E-02   0.5957E-02   0.2525E+00   0.5116E+01   0.2662E+01   0.8858E+00
   129   0.2560E+01   0.5614E-02   0.5635E-02   0.2431E+00   0.5036E+01   0.2656E+01   0.8817E+00
   130   0.2580E+01   0.5324E-02   0.5331E-02   0.2340E+00   0.4957E+01   0.2650E+01   0.8776E+00
   131   0.2600E+01   0.5050E-02   0.5044E-02   0.2253E+00   0.4881E+01   0.2644E+01   0.8737E+00
   132   0.2620E+01   0.4790E-02   0.4772E-02   0.2169E+00   0.4806E+01   0.2638E+01   0.8697E+00
   133   0.2640E+01   0.4544E-02   0.4514E-02   0.2088E+00   0.4733E+01   0.2632E+01   0.8659E+00
   134   0.2660E+01   0.4311E-02   0.4271E-02   0.2010E+00   0.4662E+01   0.2626E+01   0.8622E+00
   135   0.2680E+01   0.4091E-02   0.4041E-02   0.1934E+00   0.4593E+01   0.2621E+01   0.8585E+00
   136   0.2700E+01   0.3882E-02   0.3823E-02   0.1862E+00   0.4526E+01   0.2615E+01   0.8550E+00
   137   0.2720E+01   0.3685E-02   0.3616E-02   0.1792E+00   0.4462E+01   0.2610E+01   0.8515E+00
   138   0.2740E+01   0.3497E-02   0.3421E-02   0.1725E+00   0.4400E+01   0.2605E+01   0.8482E+00
   139   0.2760E+01   0.3320E-02   0.3237E-02   0.1660E+00   0.4340E+01   0.2600E+01   0.8449E+00
   140   0.2780E+01   0.3152E-02   0.3062E-02   0.1598E+00   0.4283E+01   0.2595E+01   0.8418E+00
   141   0.2800E+01   0.2993E-02   0.2897E-02   0.1538E+00   0.4227E+01   0.2590E+01   0.8388E+00
   142   0.2820E+01   0.2842E-02   0.2741E-02   0.1480E+00   0.4174E+01   0.2586E+01   0.8359E+00
   143   0.2840E+01   0.2699E-02   0.2593E-02   0.1424E+00   0.4123E+01   0.2582E+01   0.8331E+00
   144   0.2860E+01   0.2563E-02   0.2453E-02   0.1370E+00   0.4075E+01   0.2577E+01   0.8304E+00
   145   0.2880E+01   0.2434E-02   0.2321E-02   0.1319E+00   0.4028E+01   0.2573E+01   0.8278E+00
   146   0.2900E+01   0.2312E-02   0.2196E-02   0.1269E+00   0.3983E+01   0.2569E+01   0.8253E+00
   147   0.2920E+01   0.2197E-02   0.2077E-02   0.1221E+00   0.3940E+01   0.2566E+01   0.8229E+00
   148   0.2940E+01   0.2087E-02   0.1965E-02   0.1175E+00   0.3898E+01   0.2562E+01   0.8206E+00
   149   0.2960E+01   0.1983E-02   0.1859E-02   0.1130E+00   0.3859E+01   0.2559E+01   0.8184E+00
   150   0.2980E+01   0.1884E-02   0.1759E-02   0.1087E+00   0.3821E+01   0.2555E+01   0.8162E+00
   151   0.3000E+01   0.1790E-02   0.1664E-02   0.1046E+00   0.3785E+01   0.2552E+01   0.8142E+00
   152   0.3020E+01   0.1701E-02   0.1574E-02   0.1006E+00   0.3749E+01   0.2549E+01   0.8122E+00
   153   0.3040E+01   0.1616E-02   0.1489E-02   0.9680E-01   0.3716E+01   0.2546E+01   0.8103E+00
   154   0.3060E+01   0.1536E-02   0.1409E-02   0.9311E-01   0.3683E+01   0.2543E+01   0.8085E+00
   155   0.3080E+01   0.1460E-02   0.1333E-02   0.8957E-01   0.3652E+01   0.2540E+01   0.8067E+00
   156   0.3100E+01   0.1388E-02   0.1261E-02   0.8615E-01   0.3621E+01   0.2538E+01   0.8050E+00
   157   0.3120E+01   0.1319E-02   0.1193E-02   0.8286E-01   0.3592E+01   0.2535E+01   0.8033E+00
   158   0.3140E+01   0.1254E-02   0.1129E-02   0.7970E-01   0.3563E+01   0.2533E+01   0.8017E+00
   159   0.3160E+01   0.1192E-02   0.1068E-02   0.7665E-01   0.3535E+01   0.2530E+01   0.8001E+00
   160   0.3180E+01   0.1133E-02   0.1010E-02   0.7371E-01   0.3508E+01   0.2528E+01   0.7986E+00
   161   0.3200E+01   0.1077E-02   0.9557E-03   0.7088E-01   0.3481E+01   0.2525E+01   0.7971E+00
   162   0.3220E+01   0.1024E-02   0.9042E-03   0.6816E-01   0.3455E+01   0.2523E+01   0.7956E+00
   163   0.3240E+01   0.9740E-03   0.8554E-03   0.6554E-01   0.3429E+01   0.2521E+01   0.7941E+00
   164   0.3260E+01   0.9261E-03   0.8093E-03   0.6302E-01   0.3404E+01   0.2518E+01   0.7927E+00
   165   0.3280E+01   0.8807E-03   0.7656E-03   0.6060E-01   0.3379E+01   0.2516E+01   0.7913E+00
   166   0.3300E+01   0.8375E-03   0.7243E-03   0.5826E-01   0.3354E+01   0.2514E+01   0.7899E+00
   167   0.3320E+01   0.7964E-03   0.6853E-03   0.5601E-01   0.3330E+01   0.2512E+01   0.7885E+00
   168   0.3340E+01   0.7574E-03   0.6483E-03   0.5385E-01   0.3305E+01   0.2509E+01   0.7871E+00
   169   0.3360E+01   0.7204E-03   0.6133E-03   0.5176E-01   0.3281E+01   0.2507E+01   0.7857E+00
   170   0.3380E+01   0.6851E-03   0.5802E-03   0.4976E-01   0.3257E+01   0.2505E+01   0.7844E+00
   171   0.3400E+01   0.6517E-03   0.5490E-03   0.4783E-01   0.3233E+01   0.2503E+01   0.7830E+00
   172   0.3420E+01   0.6199E-03   0.5193E-03   0.4597E-01   0.3209E+01   0.2501E+01   0.7816E+00
   173   0.3440E+01   0.5896E-03   0.4913E-03   0.4418E-01   0.3186E+01   0.2498E+01   0.7803E+00
   174   0.3460E+01   0.5609E-03   0.4648E-03   0.4246E-01   0.3162E+01   0.2496E+01   0.7789E+00
   175   0.3480E+01   0.5336E-03   0.4398E-03   0.4081E-01   0.3138E+01   0.2494E+01   0.7776E+00
   176   0.3500E+01   0.5077E-03   0.4160E-03   0.3921E-01   0.3115E+01   0.2492E+01   0.7762E+00
   177   0.3520E+01   0.4830E-03   0.3936E-03   0.3768E-01   0.3092E+01   0.2490E+01   0.7749E+00
   178   0.3540E+01   0.4595E-03   0.3724E-03   0.3620E-01   0.3069E+01   0.2488E+01   0.7736E+00
   179   0.3560E+01   0.4372E-03   0.3523E-03   0.3478E-01   0.3046E+01   0.2486E+01   0.7723E+00
   180   0.3580E+01   0.4160E-03   0.3333E-03   0.3342E-01   0.3023E+01   0.2484E+01   0.7710E+00
   181   0.3600E+01   0.3959E-03   0.3153E-03   0.3210E-01   0.3001E+01   0.2481E+01   0.7697E+00
   182   0.3620E+01   0.3767E-03   0.2983E-03   0.3084E-01   0.2979E+01   0.2479E+01   0.7684E+00
   183   0.3640E+01   0.3585E-03   0.2822E-03   0.2962E-01   0.2957E+01   0.2477E+01   0.7672E+00
   184   0.3660E+01   0.3412E-03   0.2670E-03   0.2845E-01   0.2936E+01   0.2475E+01   0.7660E+00
   185   0.3680E+01   0.3247E-03   0.2526E-03   0.2732E-01   0.2915E+01   0.2473E+01   0.7648E+00
   186   0.3700E+01   0.3090E-03   0.2390E-03   0.2624E-01   0.2895E+01   0.2472E+01   0.7636E+00
   187   0.3720E+01   0.2941E-03   0.2261E-03   0.2520E-01   0.2875E+01   0.2470E+01   0.7625E+00
   188   0.3740E+01   0.2800E-03   0.2139E-03   0.2419E-01   0.2856E+01   0.2468E+01   0.7614E+00
   189   0.3760E+01   0.2665E-03   0.2023E-03   0.2323E-01   0.2838E+01   0.2466E+01   0.7603E+00
   190   0.3780E+01   0.2537E-03   0.1914E-03   0.2230E-01   0.2820E+01   0.2465E+01   0.7593E+00
   191   0.3800E+01   0.2415E-03   0.1811E-03   0.2140E-01   0.2804E+01   0.2463E+01   0.7584E+00
   192   0.3820E+01   0.2299E-03   0.1713E-03   0.2054E-01   0.2788E+01   0.2462E+01   0.7574E+00
   193   0.3840E+01   0.2188E-03   0.1621E-03   0.1972E-01   0.2774E+01   0.2460E+01   0.7566E+00
   194   0.3860E+01   0.2083E-03   0.1533E-03   0.1892E-01   0.2760E+01   0.2459E+01   0.7558E+00
   195   0.3880E+01   0.1983E-03   0.1451E-03   0.1816E-01   0.2748E+01   0.2458E+01   0.7551E+00
   196   0.3900E+01   0.1888E-03   0.1373E-03   0.1742E-01   0.2737E+01   0.2457E+01   0.7545E+00
   197   0.3920E+01   0.1798E-03   0.1298E-03   0.1671E-01   0.2727E+01   0.2456E+01   0.7539E+00
   198   0.3940E+01   0.1712E-03   0.1228E-03   0.1603E-01   0.2719E+01   0.2455E+01   0.7534E+00
   199   0.3960E+01   0.1630E-03   0.1162E-03   0.1538E-01   0.2712E+01   0.2454E+01   0.7530E+00
   200   0.3980E+01   0.1552E-03   0.1099E-03   0.1475E-01   0.2706E+01   0.2454E+01   0.7527E+00
   201   0.4000E+01   0.1477E-03   0.1040E-03   0.1414E-01   0.2703E+01   0.2454E+01   0.7525E+00
   202   0.4020E+01   0.1406E-03   0.9841E-04   0.1356E-01   0.2701E+01   0.2453E+01   0.7524E+00
   203   0.4040E+01   0.1339E-03   0.9310E-04   0.1300E-01   0.2700E+01   0.2453E+01   0.7524E+00
   204   0.4060E+01   0.1275E-03   0.8808E-04   0.1246E-01   0.2702E+01   0.2454E+01   0.7525E+00
   205   0.4080E+01   0.1214E-03   0.8333E-04   0.1194E-01   0.2706E+01   0.2454E+01   0.7527E+00
   206   0.4100E+01   0.1156E-03   0.7883E-04   0.1144E-01   0.2711E+01   0.2454E+01   0.7530E+00
   207   0.4120E+01   0.1100E-03   0.7458E-04   0.1097E-01   0.2719E+01   0.2455E+01   0.7534E+00
   208   0.4140E+01   0.1048E-03   0.7056E-04   0.1050E-01   0.2729E+01   0.2456E+01   0.7540E+00
   209   0.4160E+01   0.9974E-04   0.6675E-04   0.1006E-01   0.2742E+01   0.2457E+01   0.7547E+00
   210   0.4180E+01   0.9496E-04   0.6315E-04   0.9637E-02   0.2757E+01   0.2458E+01   0.7555E+00
   211   0.4200E+01   0.9040E-04   0.5975E-04   0.9228E-02   0.2774E+01   0.2460E+01   0.7564E+00
   212   0.4220E+01   0.8606E-04   0.5652E-04   0.8835E-02   0.2795E+01   0.2462E+01   0.7575E+00
   213   0.4240E+01   0.8193E-04   0.5347E-04   0.8458E-02   0.2818E+01   0.2464E+01   0.7587E+00
   214   0.4260E+01   0.7799E-04   0.5059E-04   0.8095E-02   0.2844E+01   0.2466E+01   0.7600E+00
   215   0.4280E+01   0.7423E-04   0.4786E-04   0.7746E-02   0.2873E+01   0.2468E+01   0.7615E+00
   216   0.4300E+01   0.7065E-04   0.4528E-04   0.7411E-02   0.2906E+01   0.2471E+01   0.7631E+00
   217   0.4320E+01   0.6725E-04   0.4284E-04   0.7089E-02   0.2942E+01   0.2474E+01   0.7649E+00
   218   0.4340E+01   0.6400E-04   0.4053E-04   0.6780E-02   0.2981E+01   0.2477E+01   0.7668E+00
   219   0.4360E+01   0.6090E-04   0.3834E-04   0.6483E-02   0.3025E+01   0.2480E+01   0.7688E+00
   220   0.4380E+01   0.5795E-04   0.3627E-04   0.6198E-02   0.3072E+01   0.2484E+01   0.7710E+00
   221   0.4400E+01   0.5514E-04   0.3432E-04   0.5924E-02   0.3124E+01   0.2487E+01   0.7734E+00
   222   0.4420E+01   0.5246E-04   0.3247E-04   0.5661E-02   0.3180E+01   0.2491E+01   0.7759E+00
   223   0.4440E+01   0.4991E-04   0.3071E-04   0.5409E-02   0.3241E+01   0.2496E+01   0.7786E+00
   224   0.4460E+01   0.4748E-04   0.2906E-04   0.5166E-02   0.3308E+01   0.2500E+01   0.7814E+00
   225   0.4480E+01   0.4516E-04   0.2749E-04   0.4934E-02   0.3379E+01   0.2505E+01   0.7844E+00
   226   0.4500E+01   0.4295E-04   0.2601E-04   0.4711E-02   0.3456E+01   0.2510E+01   0.7876E+00
   227   0.4520E+01   0.4085E-04   0.2460E-04   0.4497E-02   0.3540E+01   0.2515E+01   0.7909E+00
   228   0.4540E+01   0.3884E-04   0.2328E-04   0.4291E-02   0.3630E+01   0.2521E+01   0.7944E+00
   229   0.4560E+01   0.3693E-04   0.2202E-04   0.4094E-02   0.3727E+01   0.2527E+01   0.7981E+00
   230   0.4580E+01   0.3511E-04   0.2083E-04   0.3905E-02   0.3831E+01   0.2533E+01   0.8019E+00
   231   0.4600E+01   0.3337E-04   0.1971E-04   0.3724E-02   0.3943E+01   0.2539E+01   0.8059E+00
   232   0.4620E+01   0.3172E-04   0.1865E-04   0.3550E-02   0.4064E+01   0.2546E+01   0.8100E+00
   233   0.4640E+01   0.3014E-04   0.1764E-04   0.3383E-02   0.4195E+01   0.2552E+01   0.8144E+00
   234   0.4660E+01   0.2864E-04   0.1669E-04   0.3224E-02   0.4335E+01   0.2560E+01   0.8189E+00
   235   0.4680E+01   0.2721E-04   0.1579E-04   0.3071E-02   0.4486E+01   0.2567E+01   0.8236E+00
   236   0.4700E+01   0.2584E-04   0.1494E-04   0.2924E-02   0.4648E+01   0.2574E+01   0.8285E+00
   237   0.4720E+01   0.2454E-04   0.1413E-04   0.2784E-02   0.4823E+01   0.2582E+01   0.8335E+00
   238   0.4740E+01   0.2331E-04   0.1337E-04   0.2649E-02   0.5011E+01   0.2590E+01   0.8388E+00
   239   0.4760E+01   0.2213E-04   0.1265E-04   0.2520E-02   0.5214E+01   0.2599E+01   0.8442E+00
   240   0.4780E+01   0.2101E-04   0.1197E-04   0.2397E-02   0.5433E+01   0.2607E+01   0.8498E+00
   241   0.4800E+01   0.1994E-04   0.1132E-04   0.2279E-02   0.5669E+01   0.2616E+01   0.8556E+00
   242   0.4820E+01   0.1892E-04   0.1071E-04   0.2166E-02   0.5924E+01   0.2625E+01   0.8616E+00
   243   0.4840E+01   0.1795E-04   0.1013E-04   0.2058E-02   0.6200E+01   0.2635E+01   0.8678E+00
   244   0.4860E+01   0.1703E-04   0.9586E-05   0.1955E-02   0.6498E+01   0.2644E+01   0.8742E+00
   245   0.4880E+01   0.1615E-04   0.9069E-05   0.1856E-02   0.6821E+01   0.2654E+01   0.8808E+00
   246   0.4900E+01   0.1531E-04   0.8580E-05   0.1761E-02   0.7171E+01   0.2665E+01   0.8876E+00
   247   0.4920E+01   0.1452E-04   0.8117E-05   0.1671E-02   0.7551E+01   0.2675E+01   0.8946E+00
   248   0.4940E+01   0.1376E-04   0.7679E-05   0.1585E-02   0.7963E+01   0.2686E+01   0.9018E+00
   249   0.4960E+01   0.1304E-04   0.7265E-05   0.1502E-02   0.8411E+01   0.2697E+01   0.9093E+00
   250   0.4980E+01   0.1235E-04   0.6873E-05   0.1423E-02   0.8900E+01   0.2708E+01   0.9169E+00
   251   0.5000E+01   0.1170E-04   0.6502E-05   0.1348E-02   0.9432E+01   0.2720E+01   0.9248E+00
   252   0.5020E+01   0.1108E-04   0.6152E-05   0.1276E-02   0.1001E+02   0.2732E+01   0.9330E+00
   253   0.5040E+01   0.1049E-04   0.5820E-05   0.1208E-02   0.1065E+02   0.2744E+01   0.9414E+00
   254   0.5060E+01   0.9926E-05   0.5506E-05   0.1142E-02   0.1135E+02   0.2757E+01   0.9500E+00
   255   0.5080E+01   0.9392E-05   0.5209E-05   0.1080E-02   0.1211E+02   0.2770E+01   0.9589E+00
   256   0.5100E+01   0.8885E-05   0.4928E-05   0.1021E-02   0.1295E+02   0.2783E+01   0.9680E+00
   257   0.5120E+01   0.8403E-05   0.4662E-05   0.9639E-03   0.1388E+02   0.2796E+01   0.9774E+00
   258   0.5140E+01   0.7945E-05   0.4411E-05   0.9098E-03   0.1490E+02   0.2810E+01   0.9871E+00
   259   0.5160E+01   0.7509E-05   0.4173E-05   0.8583E-03   0.1603E+02   0.2824E+01   0.9971E+00
   260   0.5180E+01   0.7096E-05   0.3948E-05   0.8093E-03   0.1728E+02   0.2839E+01   0.1007E+01
   261   0.5200E+01   0.6703E-05   0.3735E-05   0.7626E-03   0.1867E+02   0.2854E+01   0.1018E+01
   262   0.5220E+01   0.6330E-05   0.3533E-05   0.7181E-03   0.2021E+02   0.2869E+01   0.1029E+01
   263   0.5240E+01   0.5976E-05   0.3343E-05   0.6758E-03   0.2194E+02   0.2885E+01   0.1040E+01
   264   0.5260E+01   0.5640E-05   0.3162E-05   0.6356E-03   0.2386E+02   0.2901E+01   0.1052E+01
   265   0.5280E+01   0.5322E-05   0.2992E-05   0.5974E-03   0.2603E+02   0.2917E+01   0.1064E+01
   266   0.5300E+01   0.5019E-05   0.2831E-05   0.5610E-03   0.2846E+02   0.2934E+01   0.1076E+01
   267   0.5320E+01   0.4732E-05   0.2678E-05   0.5265E-03   0.3121E+02   0.2951E+01   0.1089E+01
   268   0.5340E+01   0.4460E-05   0.2533E-05   0.4937E-03   0.3431E+02   0.2969E+01   0.1102E+01
   269   0.5360E+01   0.4202E-05   0.2397E-05   0.4625E-03   0.3784E+02   0.2988E+01   0.1116E+01
   270   0.5380E+01   0.3958E-05   0.2267E-05   0.4330E-03   0.4185E+02   0.3006E+01   0.1130E+01
   271   0.5400E+01   0.3726E-05   0.2145E-05   0.4049E-03   0.4644E+02   0.3026E+01   0.1144E+01
   272   0.5420E+01   0.3507E-05   0.2029E-05   0.3783E-03   0.5171E+02   0.3045E+01   0.1159E+01
   273   0.5440E+01   0.3299E-05   0.1920E-05   0.3531E-03   0.5777E+02   0.3066E+01   0.1175E+01
   274   0.5460E+01   0.3102E-05   0.1816E-05   0.3292E-03   0.6479E+02   0.3087E+01   0.1191E+01
   275   0.5480E+01   0.2916E-05   0.1718E-05   0.3066E-03   0.7294E+02   0.3109E+01   0.1208E+01
   276   0.5500E+01   0.2739E-05   0.1626E-05   0.2852E-03   0.8246E+02   0.3131E+01   0.1225E+01
   277   0.5520E+01   0.2572E-05   0.1538E-05   0.2649E-03   0.9362E+02   0.3154E+01   0.1243E+01
   278   0.5540E+01   0.2415E-05   0.1455E-05   0.2458E-03   0.1068E+03   0.3178E+01   0.1262E+01
   279   0.5560E+01   0.2265E-05   0.1377E-05   0.2277E-03   0.1224E+03   0.3202E+01   0.1282E+01
   280   0.5580E+01   0.2124E-05   0.1302E-05   0.2106E-03   0.1410E+03   0.3228E+01   0.1302E+01
   281   0.5600E+01   0.1991E-05   0.1232E-05   0.1944E-03   0.1633E+03   0.3254E+01   0.1324E+01
   282   0.5620E+01   0.1865E-05   0.1166E-05   0.1792E-03   0.1903E+03   0.3281E+01   0.1346E+01
   283   0.5640E+01   0.1746E-05   0.1103E-05   0.1648E-03   0.2231E+03   0.3310E+01   0.1369E+01
   284   0.5660E+01   0.1634E-05   0.1043E-05   0.1512E-03   0.2632E+03   0.3339E+01   0.1393E+01
   285   0.5680E+01   0.1528E-05   0.9870E-06   0.1385E-03   0.3128E+03   0.3369E+01   0.1419E+01
   286   0.5700E+01   0.1428E-05   0.9338E-06   0.1264E-03   0.3746E+03   0.3401E+01   0.1446E+01
   287   0.5720E+01   0.1333E-05   0.8834E-06   0.1151E-03   0.4522E+03   0.3434E+01   0.1474E+01
   288   0.5740E+01   0.1244E-05   0.8358E-06   0.1045E-03   0.5507E+03   0.3468E+01   0.1504E+01
   289   0.5760E+01   0.1161E-05   0.7907E-06   0.9451E-04   0.6770E+03   0.3504E+01   0.1535E+01
   290   0.5780E+01   0.1082E-05   0.7481E-06   0.8513E-04   0.8406E+03   0.3542E+01   0.1568E+01
   291   0.5800E+01   0.1007E-05   0.7077E-06   0.7634E-04   0.1055E+04   0.3581E+01   0.1603E+01
   292   0.5820E+01   0.9373E-06   0.6695E-06   0.6809E-04   0.1341E+04   0.3622E+01   0.1640E+01
   293   0.5840E+01   0.8715E-06   0.6334E-06   0.6037E-04   0.1725E+04   0.3665E+01   0.1679E+01
   294   0.5860E+01   0.8095E-06   0.5993E-06   0.5314E-04   0.2252E+04   0.3711E+01   0.1721E+01
   295   0.5880E+01   0.7512E-06   0.5669E-06   0.4639E-04   0.2985E+04   0.3759E+01   0.1766E+01
   296   0.5900E+01   0.6965E-06   0.5363E-06   0.4008E-04   0.4022E+04   0.3810E+01   0.1814E+01
   297   0.5920E+01   0.6450E-06   0.5074E-06   0.3419E-04   0.5522E+04   0.3863E+01   0.1866E+01
   298   0.5940E+01   0.5967E-06   0.4800E-06   0.2871E-04   0.7735E+04   0.3920E+01   0.1921E+01
   299   0.5960E+01   0.5514E-06   0.4542E-06   0.2360E-04   0.1108E+05   0.3981E+01   0.1981E+01
   300   0.5980E+01   0.5089E-06   0.4297E-06   0.1886E-04   0.1627E+05   0.4045E+01   0.2045E+01
   301   0.6000E+01   0.4690E-06   0.4065E-06   0.1445E-04   0.2457E+05   0.4114E+01   0.2115E+01
   302   0.6020E+01   0.4317E-06   0.3846E-06   0.1036E-04   0.3824E+05   0.4187E+01   0.2192E+01
   303   0.6040E+01   0.3967E-06   0.3638E-06   0.6579E-05   0.6163E+05   0.4266E+01   0.2275E+01
   304   0.6060E+01   0.3639E-06   0.3442E-06   0.3083E-05   0.1032E+06   0.4352E+01   0.2367E+01
   305   0.6080E+01   0.3333E-06   0.3256E-06  -0.1438E-06   0.1807E+06   0.4444E+01   0.2468E+01
   306   0.6100E+01   0.3047E-06   0.3081E-06  -0.3115E-05   0.3324E+06   0.4544E+01   0.2581E+01
   307   0.6120E+01   0.2779E-06   0.2914E-06  -0.5847E-05   0.6473E+06   0.4653E+01   0.2706E+01
   308   0.6140E+01   0.2529E-06   0.2757E-06  -0.8352E-05   0.1346E+07   0.4772E+01   0.2847E+01
   309   0.6160E+01   0.2296E-06   0.2609E-06  -0.1064E-04   0.3020E+07   0.4904E+01   0.3006E+01
   310   0.6180E+01   0.2078E-06   0.2468E-06  -0.1273E-04   0.7400E+07   0.5049E+01   0.3187E+01
   311   0.6200E+01   0.1876E-06   0.2335E-06  -0.1464E-04   0.2012E+08   0.5211E+01   0.3394E+01
   312   0.6220E+01   0.1687E-06   0.2209E-06  -0.1636E-04   0.6189E+08   0.5392E+01   0.3634E+01
   313   0.6240E+01   0.1512E-06   0.2090E-06  -0.1792E-04   0.2207E+09   0.5596E+01   0.3914E+01
   314   0.6260E+01   0.1348E-06   0.1977E-06  -0.1932E-04   0.9411E+09   0.5828E+01   0.4245E+01
   315   0.6280E+01   0.1197E-06   0.1870E-06  -0.2058E-04   0.4999E+10   0.6094E+01   0.4642E+01
   316   0.6300E+01   0.1056E-06   0.1769E-06  -0.2170E-04   0.3492E+11   0.6403E+01   0.5125E+01
   317   0.6320E+01   0.9262E-07   0.1674E-06  -0.2269E-04   0.3451E+12   0.6766E+01   0.5723E+01
   318   0.6340E+01   0.8056E-07   0.1584E-06  -0.2356E-04   0.5342E+13   0.7199E+01   0.6478E+01
   319   0.6360E+01   0.6940E-07   0.1498E-06  -0.2432E-04   0.1498E+15   0.7724E+01   0.7457E+01
   320   0.6380E+01   0.5910E-07   0.1417E-06  -0.2498E-04   0.9453E+16   0.8374E+01   0.8766E+01
   321   0.6400E+01   0.4959E-07   0.1341E-06  -0.2553E-04   0.1875E+19   0.9202E+01   0.1059E+02
   322   0.6420E+01   0.4083E-07   0.1269E-06  -0.2600E-04   0.2021E+22   0.1029E+02   0.1324E+02
   323   0.6440E+01   0.3277E-07   0.1200E-06  -0.2638E-04   0.3100E+26   0.1179E+02   0.1738E+02
   324   0.6460E+01   0.2536E-07   0.1136E-06  -0.2668E-04   0.4335E+32   0.1398E+02   0.2444E+02
   325   0.6480E+01   0.1857E-07   0.1074E-06  -0.2691E-04   0.3374E+42   0.1750E+02   0.3830E+02
   326   0.6500E+01   0.1235E-07   0.1016E-06  -0.2708E-04   0.1139E+61   0.2408E+02   0.7246E+02
   327   0.6520E+01   0.6664E-08   0.9615E-07  -0.2718E-04   0.1388+108   0.4073E+02   0.2073E+03
   328   0.6540E+01   0.1481E-08   0.9096E-07  -0.2722E-04     Infinity   0.1670E+03   0.3485E+04
   329   0.6560E+01  -0.3235E-08   0.8606E-07  -0.2721E-04  -0.4901-206  -0.6944E+02   0.6027E+03
   330   0.6580E+01  -0.7516E-08   0.8142E-07  -0.2715E-04  -0.2852E-85  -0.2709E+02   0.9175E+02
   331   0.6600E+01  -0.1139E-07   0.7702E-07  -0.2705E-04  -0.5579E-54  -0.1616E+02   0.3263E+02
   332   0.6620E+01  -0.1489E-07   0.7287E-07  -0.2691E-04  -0.1431E-39  -0.1114E+02   0.1550E+02
   333   0.6640E+01  -0.1803E-07   0.6894E-07  -0.2672E-04  -0.2864E-31  -0.8253E+01   0.8514E+01
   334   0.6660E+01  -0.2085E-07   0.6522E-07  -0.2651E-04  -0.7292E-26  -0.6381E+01   0.5090E+01
   335   0.6680E+01  -0.2336E-07   0.6170E-07  -0.2626E-04  -0.4656E-22  -0.5067E+01   0.3210E+01
   336   0.6700E+01  -0.2559E-07   0.5837E-07  -0.2598E-04  -0.3125E-19  -0.4094E+01   0.2095E+01
   337   0.6720E+01  -0.2755E-07   0.5523E-07  -0.2568E-04  -0.4785E-17  -0.3344E+01   0.1398E+01
   338   0.6740E+01  -0.2928E-07   0.5225E-07  -0.2536E-04  -0.2636E-15  -0.2749E+01   0.9444E+00
   339   0.6760E+01  -0.3078E-07   0.4943E-07  -0.2502E-04  -0.6951E-14  -0.2264E+01   0.6406E+00
   340   0.6780E+01  -0.3207E-07   0.4676E-07  -0.2465E-04  -0.1059E-12  -0.1861E+01   0.4331E+00
   341   0.6800E+01  -0.3317E-07   0.4424E-07  -0.2427E-04  -0.1061E-11  -0.1522E+01   0.2896E+00
   342   0.6820E+01  -0.3410E-07   0.4185E-07  -0.2388E-04  -0.7650E-11  -0.1232E+01   0.1897E+00
   343   0.6840E+01  -0.3486E-07   0.3960E-07  -0.2348E-04  -0.4247E-10  -0.9810E+00   0.1203E+00
   344   0.6860E+01  -0.3547E-07   0.3746E-07  -0.2306E-04  -0.1908E-09  -0.7617E+00   0.7253E-01
   345   0.6880E+01  -0.3594E-07   0.3544E-07  -0.2264E-04  -0.7198E-09  -0.5684E+00   0.4039E-01
   346   0.6900E+01  -0.3629E-07   0.3353E-07  -0.2221E-04  -0.2349E-08  -0.3967E+00   0.1967E-01
   347   0.6920E+01  -0.3652E-07   0.3172E-07  -0.2177E-04  -0.6789E-08  -0.2431E+00   0.7390E-02
   348   0.6940E+01  -0.3665E-07   0.3001E-07  -0.2133E-04  -0.1769E-07  -0.1050E+00   0.1377E-02
   349   0.6960E+01  -0.3668E-07   0.2839E-07  -0.2088E-04  -0.4218E-07   0.2009E-01   0.5044E-04
   350   0.6980E+01  -0.3662E-07   0.2686E-07  -0.2044E-04  -0.9318E-07   0.1338E+00   0.2238E-02
   351   0.7000E+01  -0.3648E-07   0.2541E-07  -0.1999E-04  -0.1926E-06   0.2377E+00   0.7060E-02
   352   0.7020E+01  -0.3628E-07   0.2404E-07  -0.1954E-04  -0.3755E-06   0.3329E+00   0.1385E-01
   353   0.7040E+01  -0.3600E-07   0.2274E-07  -0.1909E-04  -0.6957E-06   0.4206E+00   0.2212E-01
   354   0.7060E+01  -0.3567E-07   0.2152E-07  -0.1864E-04  -0.1232E-05   0.5017E+00   0.3146E-01
   355   0.7080E+01  -0.3529E-07   0.2036E-07  -0.1820E-04  -0.2095E-05   0.5768E+00   0.4158E-01
   356   0.7100E+01  -0.3486E-07   0.1926E-07  -0.1775E-04  -0.3436E-05   0.6466E+00   0.5226E-01
   357   0.7120E+01  -0.3439E-07   0.1822E-07  -0.1731E-04  -0.5457E-05   0.7117E+00   0.6331E-01
   358   0.7140E+01  -0.3388E-07   0.1724E-07  -0.1688E-04  -0.8420E-05   0.7725E+00   0.7459E-01
   359   0.7160E+01  -0.3334E-07   0.1631E-07  -0.1645E-04  -0.1265E-04   0.8294E+00   0.8599E-01
   360   0.7180E+01  -0.3278E-07   0.1543E-07  -0.1602E-04  -0.1857E-04   0.8829E+00   0.9744E-01
   361   0.7200E+01  -0.3219E-07   0.1459E-07  -0.1560E-04  -0.2666E-04   0.9332E+00   0.1089E+00
   362   0.7220E+01  -0.3158E-07   0.1381E-07  -0.1518E-04  -0.3753E-04   0.9807E+00   0.1202E+00
   363   0.7240E+01  -0.3095E-07   0.1306E-07  -0.1477E-04  -0.5188E-04   0.1025E+01   0.1314E+00
   364   0.7260E+01  -0.3031E-07   0.1236E-07  -0.1436E-04  -0.7053E-04   0.1068E+01   0.1425E+00
   365   0.7280E+01  -0.2966E-07   0.1169E-07  -0.1397E-04  -0.9444E-04   0.1108E+01   0.1535E+00
   366   0.7300E+01  -0.2900E-07   0.1106E-07  -0.1357E-04  -0.1247E-03   0.1146E+01   0.1642E+00
   367   0.7320E+01  -0.2833E-07   0.1046E-07  -0.1319E-04  -0.1625E-03   0.1182E+01   0.1747E+00
   368   0.7340E+01  -0.2766E-07   0.9900E-08  -0.1281E-04  -0.2092E-03   0.1217E+01   0.1851E+00
   369   0.7360E+01  -0.2698E-07   0.9366E-08  -0.1244E-04  -0.2664E-03   0.1250E+01   0.1952E+00
   370   0.7380E+01  -0.2631E-07   0.8861E-08  -0.1208E-04  -0.3356E-03   0.1281E+01   0.2051E+00
   371   0.7400E+01  -0.2564E-07   0.8383E-08  -0.1172E-04  -0.4188E-03   0.1311E+01   0.2148E+00
   372   0.7420E+01  -0.2496E-07   0.7931E-08  -0.1137E-04  -0.5179E-03   0.1340E+01   0.2243E+00
   373   0.7440E+01  -0.2430E-07   0.7503E-08  -0.1103E-04  -0.6351E-03   0.1367E+01   0.2336E+00
   374   0.7460E+01  -0.2364E-07   0.7098E-08  -0.1069E-04  -0.7727E-03   0.1393E+01   0.2427E+00
   375   0.7480E+01  -0.2298E-07   0.6715E-08  -0.1037E-04  -0.9331E-03   0.1419E+01   0.2516E+00
   376   0.7500E+01  -0.2233E-07   0.6353E-08  -0.1005E-04  -0.1119E-02   0.1443E+01   0.2603E+00
   377   0.7520E+01  -0.2169E-07   0.6011E-08  -0.9736E-05  -0.1333E-02   0.1466E+01   0.2687E+00
   378   0.7540E+01  -0.2106E-07   0.5686E-08  -0.9432E-05  -0.1579E-02   0.1489E+01   0.2770E+00
   379   0.7560E+01  -0.2044E-07   0.5380E-08  -0.9135E-05  -0.1859E-02   0.1510E+01   0.2851E+00
   380   0.7580E+01  -0.1983E-07   0.5089E-08  -0.8845E-05  -0.2177E-02   0.1531E+01   0.2931E+00
   381   0.7600E+01  -0.1922E-07   0.4815E-08  -0.8562E-05  -0.2536E-02   0.1551E+01   0.3008E+00
   382   0.7620E+01  -0.1863E-07   0.4555E-08  -0.8287E-05  -0.2940E-02   0.1571E+01   0.3084E+00
   383   0.7640E+01  -0.1805E-07   0.4310E-08  -0.8018E-05  -0.3393E-02   0.1590E+01   0.3158E+00
   384   0.7660E+01  -0.1749E-07   0.4077E-08  -0.7757E-05  -0.3898E-02   0.1608E+01   0.3231E+00
   385   0.7680E+01  -0.1693E-07   0.3857E-08  -0.7502E-05  -0.4461E-02   0.1625E+01   0.3302E+00
   386   0.7700E+01  -0.1638E-07   0.3649E-08  -0.7255E-05  -0.5084E-02   0.1642E+01   0.3371E+00
   387   0.7720E+01  -0.1585E-07   0.3452E-08  -0.7014E-05  -0.5774E-02   0.1659E+01   0.3439E+00
   388   0.7740E+01  -0.1533E-07   0.3266E-08  -0.6780E-05  -0.6534E-02   0.1675E+01   0.3506E+00
   389   0.7760E+01  -0.1483E-07   0.3090E-08  -0.6552E-05  -0.7369E-02   0.1690E+01   0.3571E+00
   390   0.7780E+01  -0.1433E-07   0.2923E-08  -0.6331E-05  -0.8284E-02   0.1705E+01   0.3635E+00
   391   0.7800E+01  -0.1385E-07   0.2766E-08  -0.6116E-05  -0.9286E-02   0.1720E+01   0.3698E+00
   392   0.7820E+01  -0.1338E-07   0.2616E-08  -0.5908E-05  -0.1038E-01   0.1734E+01   0.3759E+00
   393   0.7840E+01  -0.1292E-07   0.2475E-08  -0.5705E-05  -0.1157E-01   0.1748E+01   0.3820E+00
   394   0.7860E+01  -0.1247E-07   0.2342E-08  -0.5508E-05  -0.1286E-01   0.1762E+01   0.3879E+00
   395   0.7880E+01  -0.1204E-07   0.2215E-08  -0.5318E-05  -0.1426E-01   0.1775E+01   0.3937E+00
   396   0.7900E+01  -0.1162E-07   0.2096E-08  -0.5133E-05  -0.1577E-01   0.1787E+01   0.3994E+00
   397   0.7920E+01  -0.1121E-07   0.1983E-08  -0.4953E-05  -0.1741E-01   0.1800E+01   0.4050E+00
   398   0.7940E+01  -0.1081E-07   0.1876E-08  -0.4779E-05  -0.1917E-01   0.1812E+01   0.4105E+00
   399   0.7960E+01  -0.1043E-07   0.1775E-08  -0.4610E-05  -0.2107E-01   0.1824E+01   0.4159E+00
   400   0.7980E+01  -0.1005E-07   0.1679E-08  -0.4447E-05  -0.2312E-01   0.1836E+01   0.4212E+00
   401   0.8000E+01  -0.9688E-08   0.1588E-08  -0.4289E-05  -0.2531E-01   0.1847E+01   0.4264E+00
   402   0.8020E+01  -0.9336E-08   0.1503E-08  -0.4135E-05  -0.2766E-01   0.1858E+01   0.4315E+00
   403   0.8040E+01  -0.8994E-08   0.1422E-08  -0.3987E-05  -0.3017E-01   0.1869E+01   0.4366E+00
   404   0.8060E+01  -0.8663E-08   0.1345E-08  -0.3843E-05  -0.3286E-01   0.1879E+01   0.4416E+00
   405   0.8080E+01  -0.8343E-08   0.1272E-08  -0.3704E-05  -0.3573E-01   0.1890E+01   0.4464E+00
   406   0.8100E+01  -0.8033E-08   0.1204E-08  -0.3569E-05  -0.3880E-01   0.1900E+01   0.4513E+00
   407   0.8120E+01  -0.7732E-08   0.1139E-08  -0.3439E-05  -0.4206E-01   0.1910E+01   0.4560E+00
   408   0.8140E+01  -0.7442E-08   0.1077E-08  -0.3313E-05  -0.4554E-01   0.1920E+01   0.4607E+00
   409   0.8160E+01  -0.7161E-08   0.1019E-08  -0.3191E-05  -0.4923E-01   0.1929E+01   0.4653E+00
   410   0.8180E+01  -0.6889E-08   0.9644E-09  -0.3073E-05  -0.5316E-01   0.1939E+01   0.4698E+00
   411   0.8200E+01  -0.6627E-08   0.9124E-09  -0.2959E-05  -0.5734E-01   0.1948E+01   0.4743E+00
   412   0.8220E+01  -0.6373E-08   0.8632E-09  -0.2849E-05  -0.6177E-01   0.1957E+01   0.4787E+00
   413   0.8240E+01  -0.6128E-08   0.8166E-09  -0.2743E-05  -0.6646E-01   0.1966E+01   0.4831E+00
   414   0.8260E+01  -0.5891E-08   0.7726E-09  -0.2640E-05  -0.7143E-01   0.1975E+01   0.4874E+00
   415   0.8280E+01  -0.5662E-08   0.7309E-09  -0.2541E-05  -0.7670E-01   0.1983E+01   0.4917E+00
   416   0.8300E+01  -0.5442E-08   0.6915E-09  -0.2445E-05  -0.8227E-01   0.1992E+01   0.4959E+00
   417   0.8320E+01  -0.5229E-08   0.6542E-09  -0.2352E-05  -0.8817E-01   0.2000E+01   0.5000E+00
   418   0.8340E+01  -0.5023E-08   0.6189E-09  -0.2263E-05  -0.9440E-01   0.2008E+01   0.5041E+00
   419   0.8360E+01  -0.4825E-08   0.5855E-09  -0.2177E-05  -0.1010E+00   0.2016E+01   0.5082E+00
   420   0.8380E+01  -0.4634E-08   0.5539E-09  -0.2093E-05  -0.1079E+00   0.2024E+01   0.5122E+00
   421   0.8400E+01  -0.4450E-08   0.5240E-09  -0.2013E-05  -0.1153E+00   0.2032E+01   0.5162E+00
   422   0.8420E+01  -0.4272E-08   0.4958E-09  -0.1935E-05  -0.1230E+00   0.2040E+01   0.5201E+00
   423   0.8440E+01  -0.4101E-08   0.4690E-09  -0.1861E-05  -0.1312E+00   0.2047E+01   0.5240E+00
   424   0.8460E+01  -0.3936E-08   0.4437E-09  -0.1789E-05  -0.1398E+00   0.2055E+01   0.5279E+00
   425   0.8480E+01  -0.3777E-08   0.4198E-09  -0.1719E-05  -0.1488E+00   0.2062E+01   0.5317E+00
   426   0.8500E+01  -0.3625E-08   0.3972E-09  -0.1652E-05  -0.1584E+00   0.2070E+01   0.5355E+00
   427   0.8520E+01  -0.3477E-08   0.3757E-09  -0.1587E-05  -0.1684E+00   0.2077E+01   0.5392E+00
   428   0.8540E+01  -0.3336E-08   0.3555E-09  -0.1525E-05  -0.1790E+00   0.2084E+01   0.5429E+00
   429   0.8560E+01  -0.3199E-08   0.3363E-09  -0.1465E-05  -0.1902E+00   0.2091E+01   0.5466E+00
   430   0.8580E+01  -0.3068E-08   0.3182E-09  -0.1407E-05  -0.2019E+00   0.2098E+01   0.5503E+00
   431   0.8600E+01  -0.2942E-08   0.3010E-09  -0.1351E-05  -0.2142E+00   0.2105E+01   0.5539E+00
   432   0.8620E+01  -0.2820E-08   0.2848E-09  -0.1298E-05  -0.2272E+00   0.2112E+01   0.5575E+00
   433   0.8640E+01  -0.2703E-08   0.2694E-09  -0.1246E-05  -0.2409E+00   0.2119E+01   0.5611E+00
   434   0.8660E+01  -0.2591E-08   0.2549E-09  -0.1196E-05  -0.2552E+00   0.2125E+01   0.5646E+00
   435   0.8680E+01  -0.2483E-08   0.2411E-09  -0.1148E-05  -0.2703E+00   0.2132E+01   0.5682E+00
   436   0.8700E+01  -0.2379E-08   0.2281E-09  -0.1102E-05  -0.2862E+00   0.2139E+01   0.5717E+00
   437   0.8720E+01  -0.2279E-08   0.2158E-09  -0.1058E-05  -0.3028E+00   0.2145E+01   0.5751E+00
   438   0.8740E+01  -0.2184E-08   0.2042E-09  -0.1015E-05  -0.3203E+00   0.2151E+01   0.5786E+00
   439   0.8760E+01  -0.2092E-08   0.1932E-09  -0.9740E-06  -0.3387E+00   0.2158E+01   0.5820E+00
   440   0.8780E+01  -0.2003E-08   0.1827E-09  -0.9345E-06  -0.3581E+00   0.2164E+01   0.5855E+00
   441   0.8800E+01  -0.1918E-08   0.1729E-09  -0.8964E-06  -0.3784E+00   0.2170E+01   0.5889E+00
   442   0.8820E+01  -0.1836E-08   0.1636E-09  -0.8598E-06  -0.3997E+00   0.2177E+01   0.5922E+00
   443   0.8840E+01  -0.1758E-08   0.1547E-09  -0.8246E-06  -0.4221E+00   0.2183E+01   0.5956E+00
   444   0.8860E+01  -0.1683E-08   0.1464E-09  -0.7907E-06  -0.4456E+00   0.2189E+01   0.5990E+00
   445   0.8880E+01  -0.1611E-08   0.1385E-09  -0.7581E-06  -0.4704E+00   0.2195E+01   0.6023E+00
   446   0.8900E+01  -0.1541E-08   0.1310E-09  -0.7268E-06  -0.4963E+00   0.2201E+01   0.6056E+00
   447   0.8920E+01  -0.1475E-08   0.1240E-09  -0.6968E-06  -0.5236E+00   0.2207E+01   0.6089E+00
   448   0.8940E+01  -0.1411E-08   0.1173E-09  -0.6678E-06  -0.5522E+00   0.2213E+01   0.6122E+00
   449   0.8960E+01  -0.1350E-08   0.1109E-09  -0.6400E-06  -0.5822E+00   0.2219E+01   0.6155E+00
   450   0.8980E+01  -0.1291E-08   0.1050E-09  -0.6133E-06  -0.6138E+00   0.2225E+01   0.6188E+00
   451   0.9000E+01  -0.1235E-08   0.9930E-10  -0.5877E-06  -0.6469E+00   0.2231E+01   0.6220E+00
