! be def2-QZVP
!
   4  s
  145.42535500      0.17030048260
  43.759339000      0.40797801530
  14.810954000      0.76631120560
  5.6210223000      0.46617466770
   1  s
  2.3772683000       1.0000000000
   1  s
  1.1092020000       1.0000000000
   1  s
 0.56272400000       1.0000000000
   1  s
 0.30447050000       1.0000000000
   1  s
 0.17158580000       1.0000000000
   1  s
 0.98056500000E-01   1.0000000000
   3  p
  13.964325300      0.41683978250
  4.5963247000      0.70594351900
  1.7195766000      0.57261535410
   1  p
 0.71982320000       1.0000000000
   1  p
 0.32928900000       1.0000000000
   1  p
 0.15951950000       1.0000000000
   1  p
 0.78826500000E-01   1.0000000000
   2  d
  2.4566484000      0.13079692550
 0.85308120000      0.99140918110
   1  d
 0.29624180000       1.0000000000
   1  d
 0.10287390000       1.0000000000
   1  f
 0.70900800000       1.0000000000
   1  f
 0.20257371400       1.0000000000
