! kr def2-QZVP
!
   4  s
  20628.649582      0.14506290520
  9586.0796582      0.57914268600E-01
  4576.8361058      0.41229943020
  2243.2170505      0.48231698540
   1  s
  1127.5810886      0.75695587490
   1  s
  580.68973725       1.0000000000
   1  s
  306.03379412       1.0000000000
   1  s
  164.85106150       1.0000000000
   1  s
  90.643939920       1.0000000000
   1  s
  50.803981098       1.0000000000
   1  s
  28.981217940       1.0000000000
   1  s
  16.799855898       1.0000000000
   1  s
  9.8795874720       1.0000000000
   1  s
  5.8837931940       1.0000000000
   1  s
  3.5421926100       1.0000000000
   1  s
  2.1516290460       1.0000000000
   1  s
  1.3161485820       1.0000000000
   1  s
 0.80914920000       1.0000000000
   1  s
 0.49896409200       1.0000000000
   1  s
 0.30799938600       1.0000000000
   2  p
  3506.7544176      0.16516913640
  1500.2843644      0.36872103550
   1  p
  657.90797138      0.91474802780
   1  p
  295.24621672       1.0000000000
   1  p
  135.35679819       1.0000000000
   1  p
  63.277197048       1.0000000000
   1  p
  30.104327244       1.0000000000
   1  p
  14.545197756       1.0000000000
   1  p
  7.1214638340       1.0000000000
   1  p
  3.5252364780       1.0000000000
   1  p
  1.7601645600       1.0000000000
   1  p
 0.88432912200       1.0000000000
   1  p
 0.44596435200       1.0000000000
   1  p
 0.22517975400       1.0000000000
   2  d
  942.29082976      0.26185277420
  340.12413068      0.96510783060
   1  d
  151.90116356       1.0000000000
   1  d
  72.584783136       1.0000000000
   1  d
  33.269092872       1.0000000000
   1  d
  14.889656052       1.0000000000
   1  d
  7.3290603420       1.0000000000
   1  d
  3.5408027220       1.0000000000
   1  d
  1.7322295440       1.0000000000
   1  d
 0.85584690600       1.0000000000
   1  d
 0.42586786200       1.0000000000
   1  d
 0.21282238200       1.0000000000
   1  d
 0.10650803400       1.0000000000
   2  f
  357.10792991      0.22693818380
  136.89201054      0.97390916450
   1  f
  62.810233782       1.0000000000
   1  f
  30.827175366       1.0000000000
   1  f
  14.840117010       1.0000000000
   1  f
  7.1603389740       1.0000000000
   1  f
  3.2834808960       1.0000000000
   1  f
  1.5793229400       1.0000000000
   1  f
 0.84051322200       1.0000000000
   1  f
 0.41601187800       1.0000000000
   2  g
  127.83664979      0.19755964640
  48.973887228      0.98029086810
   1  g
  21.499032228       1.0000000000
   1  g
  9.7805581800       1.0000000000
   1  g
  4.4773414500       1.0000000000
   1  g
  1.8513850800       1.0000000000
   1  g
 0.86816814000       1.0000000000
   1  h
  10.755561078       1.0000000000
   1  h
  3.5851870260       1.0000000000
   1  h
  1.1950623420       1.0000000000
