! n def2-QZVP
!
   5  s
  502.86084920      0.17948662110
  209.96500460      0.16394914980
  92.434008900      0.55297971800
  42.817583500      0.58582103980
  20.817615400      0.53192624460
   1  s
  10.591289400      0.94798946400E-01
   1  s
  5.6186543000       1.0000000000
   1  s
  3.0952689000       1.0000000000
   1  s
  1.7624885000       1.0000000000
   1  s
  1.0319737000       1.0000000000
   1  s
 0.61783520000       1.0000000000
   1  s
 0.37593430000       1.0000000000
   1  s
 0.23100830000       1.0000000000
   1  s
 0.14242240000       1.0000000000
   3  p
  44.607497200      0.51530130010
  22.523067100      0.19383347500
  11.372330300      0.81042183410
   1  p
  5.7421344000      0.20027382490
   1  p
  2.8993384000       1.0000000000
   1  p
  1.4639486000       1.0000000000
   1  p
 0.73918610000       1.0000000000
   1  p
 0.37323510000       1.0000000000
   1  p
 0.18845670000       1.0000000000
   1  p
 0.95157100000E-01   1.0000000000
   3  d
  46.844040600      0.39944270800E-01
  14.882456100      0.27216475910
  5.3437066000      0.96142123920
   1  d
  2.1154199000       1.0000000000
   1  d
 0.89232180000       1.0000000000
   1  d
 0.38480430000       1.0000000000
   1  f
  2.4229788000      0.69222939090
   1  f
 0.83354410000      0.72167753900
   1  g
  1.4586791000       1.0000000000
