! s def2-QZVP
!
   4  s
  3681.2546546      0.12341736510
  1517.4576115      0.13223165500
  655.47777570      0.44181606220
  296.27992100      0.63000228080
   1  s
  139.89368490      0.61251827460
   1  s
  68.857461400       1.0000000000
   1  s
  35.246371600       1.0000000000
   1  s
  18.710436800       1.0000000000
   1  s
  10.268200700       1.0000000000
   1  s
  5.8052483000       1.0000000000
   1  s
  3.3680961000       1.0000000000
   1  s
  1.9969333000       1.0000000000
   1  s
  1.2045075000       1.0000000000
   1  s
 0.73564560000       1.0000000000
   1  s
 0.45269780000       1.0000000000
   1  s
 0.27928470000       1.0000000000
   2  p
  559.06821640      0.31678690640
  207.16076030      0.94849673480
   1  p
  80.853768600       1.0000000000
   1  p
  33.136945000       1.0000000000
   1  p
  14.208539100       1.0000000000
   1  p
  6.3466236000       1.0000000000
   1  p
  2.9386601000       1.0000000000
   1  p
  1.4026898000       1.0000000000
   1  p
 0.68600930000       1.0000000000
   1  p
 0.34150630000       1.0000000000
   1  p
 0.17185180000       1.0000000000
   1  p
 0.86792600000E-01   1.0000000000
   2  d
  141.18113580      0.23918518410
  46.755847400      0.97097396860
   1  d
  19.311427100       1.0000000000
   1  d
  8.5935318000       1.0000000000
   1  d
  3.6964401000       1.0000000000
   1  d
  1.7159205000       1.0000000000
   1  d
 0.82562560000       1.0000000000
   1  d
 0.40789130000       1.0000000000
   1  d
 0.20480440000       1.0000000000
   1  d
 0.10339610000       1.0000000000
   1  f
  6.4406970000       1.0000000000
   1  f
  1.4844098000       1.0000000000
   1  f
 0.76197370000       1.0000000000
   1  f
 0.30601450000       1.0000000000
   1  g
 0.85880130000       1.0000000000
