basis "Br_augB-Sadlej pVTZ" SPHERICAL
Br    S
 379677.7000000              0.0003842             -0.0001208              0.0000480             -0.0000147        
  56125.1800000              0.0030003             -0.0009411              0.0003749             -0.0001147        
  12967.3500000              0.0148907             -0.0047442              0.0018827             -0.0005766        
   3836.0820000              0.0547746             -0.0177026              0.0070977             -0.0021735        
   1331.9960000              0.1567715             -0.0549918              0.0220139             -0.0067547        
    508.0421000              0.3328099             -0.1333894              0.0553369             -0.0170164        
    207.7812000              0.3985678             -0.2345111              0.0995058             -0.0308665        
     90.4218500              0.1765368             -0.0972103              0.0498142             -0.0156180        
     33.0043700              0.0124906              0.5425917             -0.3574409              0.1175750        
     14.3563900             -0.0017219              0.5718584             -0.5171876              0.1828625        
Br    S
      4.7285250              1.0000000        
Br    S
      2.0329670              1.0000000        
Br    S
      0.4127060              1.0000000        
Br    S
      0.1561420              1.0000000        
Br    S
      0.0590740              1.0000000        
Br    P
   3167.9100000              0.0024643             -0.0009940              0.0002588        
    762.5044000              0.0195907             -0.0079501              0.0020438        
    249.3963000              0.0911694             -0.0382891              0.0100386        
     95.2317700              0.2656020             -0.1169117              0.0302452        
     39.9230100              0.4355430             -0.2090161              0.0565897        
     17.7816600              0.3117761             -0.0968376              0.0195855        
      7.6772640              0.0602091              0.3512283             -0.1056535        
      3.3420640             -0.0019929              0.5698537             -0.2254965        
Br    P
      1.4424220              1.0000000        
Br    P
      0.4423200              1.0000000        
Br    P
      0.1377720              1.0000000        
Br    P
      0.0429130              1.0000000        
Br    D
     96.1500100              0.0265128        
     27.8390800              0.1500642        
      9.8510670              0.3804896        
Br    D
      3.6101870              0.4802772        
      1.2515440              0.2478854        
Br    D
      1.4424000              0.0039500        
      0.4423000              0.8038800        
Br    D
      0.1378000              0.1348000        
      0.0429000              0.0623100        
Br    F
     27.8391000              0.0284410        
      9.8510700              0.1212280        
Br    F
      3.6101900              0.2527710        
      1.2515400              0.2215790        
Br    F
      0.4171800              1.0000000
Br    F
      0.1390600              1.0000000
end
