basis "I_augA-Sadlej pVTZ" SPHERICAL
I    S
 1024924.8000000            -0.0003112              0.0001012             -0.0000451             -0.0000203              0.0000069        
 154843.1300000             -0.0023822              0.0007736             -0.0003451             -0.0001556              0.0000529        
  35646.3360000             -0.0121028              0.0039784             -0.0017715             -0.0007992              0.0002719        
  10272.6300000             -0.0473906              0.0158201             -0.0070961             -0.0032017              0.0010883        
   3434.4769000             -0.1443574              0.0517979             -0.0233084             -0.0105449              0.0035900        
   1284.4313000             -0.3164481              0.1298812             -0.0602625             -0.0273582              0.0093065        
    525.6418900             -0.4018988              0.2340313             -0.1124651             -0.0516988              0.0176738        
    230.7412700             -0.2058581              0.1378589             -0.0761724             -0.0355751              0.0121096        
     87.2552170             -0.0195178             -0.4704590              0.3515680              0.1753485             -0.0605902        
     39.4944640              0.0035105             -0.6244144              0.6449758              0.3578347             -0.1275278        
     14.2545200             -0.0021503             -0.1186834             -0.4140994             -0.3285772              0.1280144        
      7.6466089              0.0019077              0.0377119             -0.8084290             -0.9202006              0.3725377        
      3.0500598             -0.0017174             -0.0247635             -0.1559773              0.2478261             -0.1394091        
I    S
      1.7326181              1.0000000        
I    S
      0.8768236              1.0000000        
I    S
      0.6349930              1.0000000        
I    S
      0.2564976              1.0000000        
I    S
      0.1061169              1.0000000        
I    S
      0.0439022              1.0000000        
I    P
   7299.0410000              0.0026316              0.0012293              0.0005366              0.0001599        
   1767.8671000              0.0204925              0.0096738              0.0042285              0.0012612        
    590.0943300              0.0932057              0.0455881              0.0200867              0.0059946        
    231.4938700              0.2616339              0.1356119              0.0603974              0.0180769        
    101.7317600              0.4158847              0.2345662              0.1067446              0.0320064        
     47.5691190              0.3128182              0.1201292              0.0467467              0.0137283        
     22.2754040              0.0714857             -0.3495375             -0.2201150             -0.0700630        
     10.8408970              0.0010960             -0.5837640             -0.4207903             -0.1360543        
      5.2379498              0.0006345             -0.2062012              0.0628580              0.0381252        
      2.5466334             -0.0003811             -0.8572306              0.6434501              0.2700960        
I    P
      1.2106848              1.0000000        
I    P
      0.5744092              1.0000000        
I    P
      0.2465331              1.0000000        
I    P
      0.0913532              1.0000000        
I    P
      0.0338511              1.0000000        
I    D
    370.3763900              0.0160789              0.0066648        
    109.7104700              0.1091329              0.0461780        
     41.1992160              0.3277467              0.1405037        
     17.2846070              0.4658406              0.1865116        
I    D
      7.8154415              0.2640157              0.0108920        
      3.7428153              0.0438970              0.3827473        
      1.6595878              0.0030830              0.5259328        
      0.6526591             -0.0004230              0.2222319        
I    D
      0.5744090              0.2480650        
      0.2465330              1.0729530        
I    D
      0.0913530              0.1366340        
      0.0338510              0.0543600        
I    F
      7.8154415              0.0038960        
      3.7428153              0.1978390        
I    F
      1.6595878              0.4082540        
      0.6526591              0.2750830        
I    F
      0.2175500              1.0000000
end
