!
! ar: aug-cc-pVTZ auxiliary basis.
!     (12s9p8d6f3g)
!
   1  s
  398.33571248       1.0000000000
   1  s
  131.06114017       1.0000000000
   1  s
  45.980817822       1.0000000000
   1  s
  16.701793814       1.0000000000
   1  s
  8.8722724294       1.0000000000
   1  s
  3.9973950262       1.0000000000
   1  s
  1.7176196750       1.0000000000
   1  s
  1.0917904417       1.0000000000
   1  s
 0.57444248770       1.0000000000
   1  s
 0.27265810334       1.0000000000
   1  s
 0.15553197989       1.0000000000
   1  p
  144.54686703       1.0000000000
   1  p
  17.682373251       1.0000000000
   1  p
  6.8664346924       1.0000000000
   1  p
  4.2316573351       1.0000000000
   1  p
  1.5245926653       1.0000000000
   1  p
 0.89599596067       1.0000000000
   1  p
 0.57455305306       1.0000000000
   1  p
 0.30016304002       1.0000000000
   1  d
  50.752294684       1.0000000000
   1  d
  12.568963251       1.0000000000
   1  d
  8.0789604235       1.0000000000
   1  d
  2.8869555039       1.0000000000
   1  d
  1.6670920137       1.0000000000
   1  d
 0.83661811051       1.0000000000
   1  d
 0.36268731135       1.0000000000
   1  f
  15.586304207       1.0000000000
   1  f
  6.0271769796       1.0000000000
   1  f
  2.3410113748       1.0000000000
   1  f
  1.4865380838       1.0000000000
   1  f
 0.70370885563       1.0000000000
   1  g
  4.6932752519       1.0000000000
   1  g
  1.3740549263       1.0000000000
   1  s
 0.88719890000E-01   1.0000000000
   1  p
 0.14573991784       1.0000000000
   1  d
 0.19303766548       1.0000000000
   1  f
 0.32057808076       1.0000000000
   1  g
 0.67072648216       1.0000000000
