! Chlorine
! augA-Sadlej-pVTZ
! (15s,11p,5d)->[8s,6p,3d]
!
!  Sadlej pVTZ  EMSL  Basis Set Exchange Library   3/7/07 9:35 AM
!  A. J. Sadlej, Collec. Czech. Chem. Commun.  53, 1995 (1988) 
!  A. J. Sadlej and M. Urban, J. Mol. Struct. (THEOCHEM) 234, 147 (1991) 
!  A. J. Sadlej, Theor. Chim. Acta 79, 123 (1992) 
!  A. J. Sadlej, Theor. Chim. Acta 81, 45 (1992) 
!  A. J. Sadlej, Theor. Chim. Acta 81, 339 (1992)
!   
! s functions
F  14    7
 105818.8000000  0.0007430  0.0000000  0.0  0.0  0.0  0.0  0.0
  15872.0000000  0.0057540  0.0000000  0.0  0.0  0.0  0.0  0.0
   3619.7000000  0.0296740  0.0000000  0.0  0.0  0.0  0.0  0.0
   1030.8000000  0.1179910  0.0000000  0.0  0.0  0.0  0.0  0.0
    339.9100000  0.3653190  0.0000000  0.0  0.0  0.0  0.0  0.0
    124.5380000  0.5811460  0.0000000  0.0  0.0  0.0  0.0  0.0
    124.5380000  0.0000000  0.1375430  0.0  0.0  0.0  0.0  0.0
     49.5140000  0.0000000  0.6229200  0.0  0.0  0.0  0.0  0.0
     20.8060000  0.0000000  0.2901060  0.0  0.0  0.0  0.0  0.0
      6.4648000  0.0000000  0.0000000  1.0  0.0  0.0  0.0  0.0
      2.5254000  0.0000000  0.0000000  0.0  1.0  0.0  0.0  0.0
      0.5378000  0.0000000  0.0000000  0.0  0.0  1.0  0.0  0.0
      0.1935000  0.0000000  0.0000000  0.0  0.0  0.0  1.0  0.0
      0.0696000  0.0000000  0.0000000  0.0  0.0  0.0  0.0  1.0
! p functions
F  10    5
    589.7800000  0.0029820  0.0  0.0  0.0  0.0
    139.8500000  0.0233750  0.0  0.0  0.0  0.0
     44.7950000  0.1039980  0.0  0.0  0.0  0.0
     16.6120000  0.2844300  0.0  0.0  0.0  0.0
      6.5995000  0.4506860  0.0  0.0  0.0  0.0
      2.7141000  0.3230640  0.0  0.0  0.0  0.0
      0.9528000  0.0000000  1.0  0.0  0.0  0.0
      0.3580000  0.0000000  0.0  1.0  0.0  0.0
      0.1250000  0.0000000  0.0  0.0  1.0  0.0
      0.0436000  0.0000000  0.0  0.0  0.0  1.0
