! Basis = Sadlej pVTZ   SP only
! FLUORINE       (10s,6p,4d)->[5s,3p,2d]
! s functions
F  10    5
  13521.5230000  0.0008010  0.0000000  0.0000000  0.0000000  0.0000000        
   2028.6916000  0.0061640  0.0000000  0.0000000  0.0000000  0.0000000        
    462.3739200  0.0312440  0.0000000  0.0000000  0.0000000  0.0000000        
    131.3736600  0.1160810  0.0000000  0.0000000  0.0000000  0.0000000        
     42.9745310  0.3035890  0.0000000  0.0000000  0.0000000  0.0000000        
     15.5714400  0.0000000  0.4459040  0.0000000  0.0000000  0.0000000        
      6.0322320  0.0000000  0.2391150  0.0000000  0.0000000  0.0000000        
      1.3072150  0.0000000  0.0000000  1.0000000  0.0000000  0.0000000        
      0.3888690  0.0000000  0.0000000  0.0000000  1.0000000  0.0000000        
      0.1156800  0.0000000  0.0000000  0.0000000  0.0000000  1.0000000        
! p functions
F   6    3
     44.1473030  0.0165090  0.0000000  0.0000000        
      9.9934260  0.1034810  0.0000000  0.0000000        
      2.9532460  0.3154810  0.0000000  0.0000000        
      0.9185970  0.4893530  0.0000000  0.0000000        
      0.2668240  0.0000000  1.0000000  0.0000000        
      0.0775000  0.0000000  0.0000000  1.0000000        
