!  Sadlej pVTZ  EMSL  Basis Set Exchange Library   3/7/07 9:24 AM
! A. J. Sadlej, Collec. Czech. Chem. Commun.  53, 1995 (1988) 
!  A. J. Sadlej and M. Urban, J. Mol. Struct. (THEOCHEM) 234, 147 (1991) 
!  A. J. Sadlej, Theor. Chim. Acta 79, 123 (1992) 
!  A. J. Sadlej, Theor. Chim. Acta 81, 45 (1992) 
!  A. J. Sadlej, Theor. Chim. Acta 81, 339 (1992)
!
!  BROMINE
  S     10
    1          379677.7000000              0.0003842        
    2           56125.1800000              0.0030003        
    3           12967.3500000              0.0148907        
    4            3836.0820000              0.0547746        
    5            1331.9960000              0.1567715        
    6             508.0421000              0.3328099        
    7             207.7812000              0.3985678        
    8              90.4218500              0.1765368        
    9              33.0043700              0.0124906        
    10             14.3563900             -0.0017219        
  S     10
    1          379677.7000000             -0.0001208        
    2           56125.1800000             -0.0009411        
    3           12967.3500000             -0.0047442        
    4            3836.0820000             -0.0177026        
    5            1331.9960000             -0.0549918        
    6             508.0421000             -0.1333894        
    7             207.7812000             -0.2345111        
    8              90.4218500             -0.0972103        
    9              33.0043700              0.5425917        
    10             14.3563900              0.5718584        
  S     10
    1          379677.7000000              0.0000480        
    2           56125.1800000              0.0003749        
    3           12967.3500000              0.0018827        
    4            3836.0820000              0.0070977        
    5            1331.9960000              0.0220139        
    6             508.0421000              0.0553369        
    7             207.7812000              0.0995058        
    8              90.4218500              0.0498142        
    9              33.0043700             -0.3574409        
    10             14.3563900             -0.5171876        
  S     10
    1          379677.7000000             -0.0000147        
    2           56125.1800000             -0.0001147        
    3           12967.3500000             -0.0005766        
    4            3836.0820000             -0.0021735        
    5            1331.9960000             -0.0067547        
    6             508.0421000             -0.0170164        
    7             207.7812000             -0.0308665        
    8              90.4218500             -0.0156180        
    9              33.0043700              0.1175750        
    10             14.3563900              0.1828625        
  S     1
    1               4.7285250              1.0000000        
  S     1
    1               2.0329670              1.0000000        
  S     1
    1               0.4127060              1.0000000        
  S     1
    1               0.1561420              1.0000000        
  S     1
    1               0.0590740              1.0000000        
  P     8
    1            3167.9100000              0.0024643        
    2             762.5044000              0.0195907        
    3             249.3963000              0.0911694        
    4              95.2317700              0.2656020        
    5              39.9230100              0.4355430        
    6              17.7816600              0.3117761        
    7               7.6772640              0.0602091        
    8               3.3420640             -0.0019929        
  P     8
    1            3167.9100000             -0.0009940        
    2             762.5044000             -0.0079501        
    3             249.3963000             -0.0382891        
    4              95.2317700             -0.1169117        
    5              39.9230100             -0.2090161        
    6              17.7816600             -0.0968376        
    7               7.6772640              0.3512283        
    8               3.3420640              0.5698537        
  P     8
    1            3167.9100000              0.0002588        
    2             762.5044000              0.0020438        
    3             249.3963000              0.0100386        
    4              95.2317700              0.0302452        
    5              39.9230100              0.0565897        
    6              17.7816600              0.0195855        
    7               7.6772640             -0.1056535        
    8               3.3420640             -0.2254965        
  P     1
    1               1.4424220              1.0000000        
  P     1
    1               0.4423200              1.0000000        
  P     1
    1               0.1377720              1.0000000        
  P     1
    1               0.0429130              1.0000000        
  D     3
    1              96.1500100              0.0265128        
    2              27.8390800              0.1500642        
    3               9.8510670              0.3804896        
  D     2
    1               3.6101870              0.4802772        
    2               1.2515440              0.2478854        
  D     2
    1               1.4424000              0.0039500        
    2               0.4423000              0.8038800        
  D     2
    1               0.1378000              0.1348000        
    2               0.0429000              0.0623100        
  F     2
    1              27.8391000              0.0284410        
    2               9.8510700              0.1212280        
  F     2
    1               3.6101900              0.2527710        
    2               1.2515400              0.2215790        
