! Bromine
! aug-Sadlej-pVTZ
! (16s,13p,10d,5f)->[10s,8p,5d,3f]
!
!  Sadlej pVTZ  EMSL  Basis Set Exchange Library   3/7/07 9:38 AM
!  A. J. Sadlej, Collec. Czech. Chem. Commun.  53, 1995 (1988) 
!  A. J. Sadlej and M. Urban, J. Mol. Struct. (THEOCHEM) 234, 147 (1991) 
!  A. J. Sadlej, Theor. Chim. Acta 79, 123 (1992) 
!  A. J. Sadlej, Theor. Chim. Acta 81, 45 (1992) 
!  A. J. Sadlej, Theor. Chim. Acta 81, 339 (1992)
!
! s functions
F  16   10
 379677.7000000  0.0003842 -0.0001208  0.0000480 -0.0000147 0.0 0.0 0.0 0.0 0.0 0.0
  56125.1800000  0.0030003 -0.0009411  0.0003749 -0.0001147 0.0 0.0 0.0 0.0 0.0 0.0
  12967.3500000  0.0148907 -0.0047442  0.0018827 -0.0005766 0.0 0.0 0.0 0.0 0.0 0.0
   3836.0820000  0.0547746 -0.0177026  0.0070977 -0.0021735 0.0 0.0 0.0 0.0 0.0 0.0
   1331.9960000  0.1567715 -0.0549918  0.0220139 -0.0067547 0.0 0.0 0.0 0.0 0.0 0.0
    508.0421000  0.3328099 -0.1333894  0.0553369 -0.0170164 0.0 0.0 0.0 0.0 0.0 0.0
    207.7812000  0.3985678 -0.2345111  0.0995058 -0.0308665 0.0 0.0 0.0 0.0 0.0 0.0
     90.4218500  0.1765368 -0.0972103  0.0498142 -0.0156180 0.0 0.0 0.0 0.0 0.0 0.0
     33.0043700  0.0124906  0.5425917 -0.3574409  0.1175750 0.0 0.0 0.0 0.0 0.0 0.0
     14.3563900 -0.0017219  0.5718584 -0.5171876  0.1828625 0.0 0.0 0.0 0.0 0.0 0.0
      4.7285250  0.0000000  0.0000000  0.0000000  0.0000000 1.0 0.0 0.0 0.0 0.0 0.0
      2.0329670  0.0000000  0.0000000  0.0000000  0.0000000 0.0 1.0 0.0 0.0 0.0 0.0
      0.4127060  0.0000000  0.0000000  0.0000000  0.0000000 0.0 0.0 1.0 0.0 0.0 0.0
      0.1561420  0.0000000  0.0000000  0.0000000  0.0000000 0.0 0.0 0.0 1.0 0.0 0.0
      0.0590740  0.0000000  0.0000000  0.0000000  0.0000000 0.0 0.0 0.0 0.0 1.0 0.0
      0.0196910  0.0        0.0        0.0        0.0       0.0 0.0 0.0 0.0 0.0 1.0
! p functions
F  13    8
   3167.9100000  0.0024643 -0.0009940  0.0002588  0.0  0.0  0.0  0.0  0.0
    762.5044000  0.0195907 -0.0079501  0.0020438  0.0  0.0  0.0  0.0  0.0
    249.3963000  0.0911694 -0.0382891  0.0100386  0.0  0.0  0.0  0.0  0.0
     95.2317700  0.2656020 -0.1169117  0.0302452  0.0  0.0  0.0  0.0  0.0
     39.9230100  0.4355430 -0.2090161  0.0565897  0.0  0.0  0.0  0.0  0.0
     17.7816600  0.3117761 -0.0968376  0.0195855  0.0  0.0  0.0  0.0  0.0
      7.6772640  0.0602091  0.3512283 -0.1056535  0.0  0.0  0.0  0.0  0.0
      3.3420640 -0.0019929  0.5698537 -0.2254965  0.0  0.0  0.0  0.0  0.0
      1.4424220  0.0000000  0.0000000  0.0000000  1.0  0.0  0.0  0.0  0.0
      0.4423200  0.0000000  0.0000000  0.0000000  0.0  1.0  0.0  0.0  0.0
      0.1377720  0.0000000  0.0000000  0.0000000  0.0  0.0  1.0  0.0  0.0
      0.0429130  0.0000000  0.0000000  0.0000000  0.0  0.0  0.0  1.0  0.0
      0.0143040  0.0        0.0        0.0        0.0  0.0  0.0  0.0  1.0
! d functions
F  10    5
     96.1500100  0.0265128  0.0000000  0.0000000  0.0000000  0.0        
     27.8390800  0.1500642  0.0000000  0.0000000  0.0000000  0.0        
      9.8510670  0.3804896  0.0000000  0.0000000  0.0000000  0.0        
      3.6101870  0.0000000  0.4802772  0.0000000  0.0000000  0.0        
      1.2515440  0.0000000  0.2478854  0.0000000  0.0000000  0.0        
      1.4424000  0.0000000  0.0000000  0.0039500  0.0000000  0.0        
      0.4423000  0.0000000  0.0000000  0.8038800  0.0000000  0.0        
      0.1378000  0.0000000  0.0000000  0.0000000  0.1348000  0.0        
      0.0429000  0.0000000  0.0000000  0.0000000  0.0623100  0.0        
      0.0143000  0.0        0.0        0.0        0.0        1.0
! f functions
F  5    3
     27.8391000  0.0284410  0.0000000  0.0
      9.8510700  0.1212280  0.0000000  0.0
      3.6101900  0.0000000  0.2527710  0.0
      1.2515400  0.0000000  0.2215790  0.0    
      0.4171800  0.0        0.0        1.0
