! Flourine
! aug-Sadlej-pVTZ
! (11s,7p,5d)->[6s,4p,3d]
!
! s functions
F  11    6
  13521.5230000  0.0008010  0.0000000  0.0  0.0  0.0  0.0
   2028.6916000  0.0061640  0.0000000  0.0  0.0  0.0  0.0
    462.3739200  0.0312440  0.0000000  0.0  0.0  0.0  0.0
    131.3736600  0.1160810  0.0000000  0.0  0.0  0.0  0.0
     42.9745310  0.3035890  0.0000000  0.0  0.0  0.0  0.0
     15.5714400  0.0000000  0.4459040  0.0  0.0  0.0  0.0
      6.0322320  0.0000000  0.2391150  0.0  0.0  0.0  0.0
      1.3072150  0.0000000  0.0000000  1.0  0.0  0.0  0.0
      0.3888690  0.0000000  0.0000000  0.0  1.0  0.0  0.0
      0.1156800  0.0000000  0.0000000  0.0  0.0  1.0  0.0
      0.0385600  0.0        0.0        0.0  0.0  0.0  1.0
! p functions
F   7    4
     44.1473030  0.0165090  0.0  0.0  0.0
      9.9934260  0.1034810  0.0  0.0  0.0
      2.9532460  0.3154810  0.0  0.0  0.0
      0.9185970  0.4893530  0.0  0.0  0.0
      0.2668240  0.0000000  1.0  0.0  0.0
      0.0775000  0.0000000  0.0  1.0  0.0
      0.0258330  0.0        0.0  0.0  1.0
! d functions
F   5    3
      2.9532000  0.1835400  0.0000000  0.0
      0.9186000  0.5105800  0.0000000  0.0   
      0.2668000  0.0000000  0.6992500  0.0
      0.0775000  0.0000000  0.4292600  0.0
      0.0258330  0.0        0.0        1.0
