!
! Ar: aug-cc-pVDZ
!  [5s,4p,2d]
!
!
!  S functions
F  13    5
145700.00000   0.000237  -0.000067   0.000021   0.000000   0.000000
 21840.00000   0.001835  -0.000519   0.000163   0.000000   0.000000
  4972.00000   0.009529  -0.002748   0.000855   0.000000   0.000000
  1408.00000   0.038628  -0.011101   0.003497   0.000000   0.000000
   459.70000   0.124081  -0.038482   0.012016   0.000000   0.000000
   165.90000   0.296471  -0.099760   0.032137   0.000000   0.000000
    64.69000   0.422068  -0.203088   0.065528   0.000000   0.000000
    26.44000   0.241711  -0.135608   0.049937   0.000000   0.000000
     7.62800   0.020051   0.507195  -0.229769   0.000000   0.000000
     2.99600  -0.003610   0.612898  -0.421006   0.000000   0.000000
     0.65040   0.000976   0.044297   0.642331   0.000000   0.000000
     0.23370  -0.000411  -0.008993   0.567540   1.000000   0.000000
     0.07090   0.000000   0.000000   0.000000   0.000000   1.000000
!
!  P functions
F   9    4
   453.70000   0.005706  -0.001607   0.000000   0.000000
   106.80000   0.043046  -0.012171   0.000000   0.000000
    33.73000   0.176591  -0.052079   0.000000   0.000000
    12.13000   0.406863  -0.123737   0.000000   0.000000
     4.59400   0.452549  -0.151619   0.000000   0.000000
     1.67800   0.122801   0.142425   0.000000   0.000000
     0.59090  -0.004460   0.584501   0.000000   0.000000
     0.18520   0.002052   0.437540   1.000000   0.000000
     0.05330   0.000000   0.000000   0.000000   1.000000
!
