!
! O: aug-cc-pVDZ
!  [4s3p2d]
!
!
!  S functions
F  10    4
 11720.00000   0.000710  -0.000160   0.000000   0.000000
  1759.00000   0.005470  -0.001263   0.000000   0.000000
   400.80000   0.027837  -0.006267   0.000000   0.000000
   113.70000   0.104800  -0.025716   0.000000   0.000000
    37.03000   0.283062  -0.070924   0.000000   0.000000
    13.27000   0.448719  -0.165411   0.000000   0.000000
     5.02500   0.270952  -0.116955   0.000000   0.000000
     1.01300   0.015458   0.557368   0.000000   0.000000
     0.30230  -0.002585   0.572759   1.000000   0.000000
     0.07896   0.000000   0.000000   0.000000   1.000000
!
!  P functions
F   5    3
    17.70000   0.043018   0.000000   0.000000
     3.85400   0.228913   0.000000   0.000000
     1.04600   0.508728   0.000000   0.000000
     0.27530   0.460531   1.000000   0.000000
     0.06856   0.000000   0.000000   1.000000
!
