! Basis = aug-cc-pVQZ
! BERYLLIUM       (12s,6p,3d,2f,1g)->[5s,4p,3d,2f,1g]
! BERYLLIUM       (1s,1p,1d,1f,1g)
! s functions
F  13    6
  14630.0000000   0.0000920  -0.0000170   0.0000000   0.0000000   0.0   0.0
   2191.0000000   0.0007130  -0.0001300   0.0000000   0.0000000   0.0   0.0
    498.2000000   0.0037350  -0.0006790   0.0000000   0.0000000   0.0   0.0
    140.9000000   0.0154680  -0.0028570   0.0000000   0.0000000   0.0   0.0
     45.8600000   0.0528740  -0.0098130   0.0000000   0.0000000   0.0   0.0
     16.4700000   0.1456940  -0.0286090   0.0000000   0.0000000   0.0   0.0
      6.3190000   0.3026810  -0.0637600   0.0000000   0.0000000   0.0   0.0
      2.5350000   0.4049360  -0.1172310   0.0000000   0.0000000   0.0   0.0
      1.0350000   0.2223870  -0.1212020   0.0000000   0.0000000   0.0   0.0
      0.2528000   0.0129120   0.2532290   1.0000000   0.0000000   0.0   0.0
      0.1052000  -0.0046480   0.5818370   0.0000000   1.0000000   0.0   0.0
      0.0426100   0.0012280   0.2919540   0.0000000   0.0000000   1.0   0.0
      0.0143900   0.0000000   0.0000000   0.0000000   0.0000000   0.0   1.0
! p functions
F   7    5
     14.0300000   0.0040990   0.0000000   0.0000000   0.0000000   0.0000000
      3.1680000   0.0256260   0.0000000   0.0000000   0.0000000   0.0000000
      0.9024000   0.1037680   0.0000000   0.0000000   0.0000000   0.0000000
      0.3036000   0.3115470   1.0000000   0.0000000   0.0000000   0.0000000
      0.1130000   0.4981280   0.0000000   1.0000000   0.0000000   0.0000000
      0.0428600   0.2588760   0.0000000   0.0000000   1.0000000   0.0000000
      0.0065000   0.0000000   0.0000000   0.0000000   0.0000000   1.0000000
