! BROMINE       (22s,17p,13d,3f,2g) -> [8s,7p,5d,3f,2g]
! BROMINE       (21s,16p,12d,2f,1g) -> [7s,6p,4d,2f,1g]
! BROMINE       (1s,1p,1d,1f,1g)
! s functions
H  22    8
 16475000.0000000000      0.000003400000     -0.000001100000      0.000000400000
                         -0.000000100000      0.000000000000      0.000000000000
                          0.000000000000      0.000000000000
  2466600.0000000000      0.000026700000     -0.000008400000      0.000003300000
                         -0.000001000000      0.000000000000      0.000000000000
                          0.000000000000      0.000000000000
   561310.0000000000      0.000140400000     -0.000044100000      0.000017500000
                         -0.000005400000      0.000000000000      0.000000000000
                          0.000000000000      0.000000000000
   158990.0000000000      0.000592700000     -0.000186200000      0.000074000000
                         -0.000022700000      0.000000000000      0.000000000000
                          0.000000000000      0.000000000000
    51869.0000000000      0.002156100000     -0.000678300000      0.000269700000
                         -0.000082700000      0.000000000000      0.000000000000
                          0.000000000000      0.000000000000
    18726.0000000000      0.006995900000     -0.002212200000      0.000879900000
                         -0.000269400000      0.000000000000      0.000000000000
                          0.000000000000      0.000000000000
     7303.6000000000      0.020564500000     -0.006575200000      0.002619800000
                         -0.000804200000      0.000000000000      0.000000000000
                          0.000000000000      0.000000000000
     3029.1000000000      0.054589300000     -0.017932800000      0.007167100000
                         -0.002194900000      0.000000000000      0.000000000000
                          0.000000000000      0.000000000000
     1320.8000000000      0.127522600000     -0.044332100000      0.017856100000
                         -0.005493900000      0.000000000000      0.000000000000
                          0.000000000000      0.000000000000
      600.0300000000      0.245978000000     -0.096347800000      0.039396000000
                         -0.012096000000      0.000000000000      0.000000000000
                          0.000000000000      0.000000000000
      281.9000000000      0.343650800000     -0.169681400000      0.071710200000
                         -0.022262300000      0.000000000000      0.000000000000
                          0.000000000000      0.000000000000
      135.5400000000      0.270253000000     -0.192076900000      0.085887700000
                         -0.026606300000      0.000000000000      0.000000000000
                          0.000000000000      0.000000000000
       64.8700000000      0.074479500000      0.020873100000     -0.010386100000
                          0.002758000000      0.000000000000      0.000000000000
                          0.000000000000      0.000000000000
       32.1290000000      0.000878700000      0.474499600000     -0.304013500000
                          0.101680300000      0.000000000000      0.000000000000
                          0.000000000000      0.000000000000
       16.0370000000      0.001575500000      0.521490700000     -0.493317800000
                          0.170413200000      0.000000000000      0.000000000000
                          0.000000000000      0.000000000000
        7.7849000000     -0.000760200000      0.134800100000      0.016089000000
                         -0.006222000000      0.000000000000      0.000000000000
                          0.000000000000      0.000000000000
        3.7247000000      0.000321100000      0.003661400000      0.714668600000
                         -0.345257000000      0.000000000000      0.000000000000
                          0.000000000000      0.000000000000
        1.7583000000     -0.000158600000      0.001884000000      0.490479500000
                         -0.423484000000      0.000000000000      0.000000000000
                          0.000000000000      0.000000000000
        0.5833100000      0.000000000000      0.000000000000      0.000000000000
                          0.000000000000      1.000000000000      0.000000000000
                          0.000000000000      0.000000000000
        0.2785600000      0.000000000000      0.000000000000      0.000000000000
                          0.000000000000      0.000000000000      1.000000000000
                          0.000000000000      0.000000000000
        0.1182900000      0.000000000000      0.000000000000      0.000000000000
                          0.000000000000      0.000000000000      0.000000000000
                          1.000000000000      0.000000000000
        0.0442700000      0.000000000000      0.000000000000      0.000000000000
                          0.000000000000      0.000000000000      0.000000000000
                          0.000000000000      1.000000000000
! p functions
H  17    7
    26607.0000000000      0.000061900000     -0.000024800000      0.000006400000
                          0.000000000000      0.000000000000      0.000000000000
                          0.000000000000
     6298.2000000000      0.000549900000     -0.000221200000      0.000057200000
                          0.000000000000      0.000000000000      0.000000000000
                          0.000000000000
     2045.2000000000      0.003162000000     -0.001273600000      0.000329700000
                          0.000000000000      0.000000000000      0.000000000000
                          0.000000000000
      782.1600000000      0.013797900000     -0.005617900000      0.001456200000
                          0.000000000000      0.000000000000      0.000000000000
                          0.000000000000
      331.6300000000      0.047981200000     -0.019860000000      0.005159100000
                          0.000000000000      0.000000000000      0.000000000000
                          0.000000000000
      151.1100000000      0.131571000000     -0.056553100000      0.014761700000
                          0.000000000000      0.000000000000      0.000000000000
                          0.000000000000
       72.3920000000      0.268586100000     -0.120947900000      0.031769400000
                          0.000000000000      0.000000000000      0.000000000000
                          0.000000000000
       35.8620000000      0.368347300000     -0.177309800000      0.047068000000
                          0.000000000000      0.000000000000      0.000000000000
                          0.000000000000
       18.1340000000      0.271136300000     -0.092147200000      0.022387100000
                          0.000000000000      0.000000000000      0.000000000000
                          0.000000000000
        9.0430000000      0.076222200000      0.218768300000     -0.072025400000
                          0.000000000000      0.000000000000      0.000000000000
                          0.000000000000
        4.4500000000      0.004674900000      0.485467000000     -0.162642900000
                          0.000000000000      0.000000000000      0.000000000000
                          0.000000000000
        2.1661000000      0.001256500000      0.372197000000     -0.149650300000
                          0.000000000000      0.000000000000      0.000000000000
                          0.000000000000
        0.9962800000     -0.000235700000      0.077690700000      0.106451700000
                          0.000000000000      0.000000000000      0.000000000000
                          0.000000000000
        0.4544300000      0.000000000000      0.000000000000      0.000000000000
                          1.000000000000      0.000000000000      0.000000000000
                          0.000000000000
        0.1940400000      0.000000000000      0.000000000000      0.000000000000
                          0.000000000000      1.000000000000      0.000000000000
                          0.000000000000
        0.0789970000      0.000000000000      0.000000000000      0.000000000000
                          0.000000000000      0.000000000000      1.000000000000
                          0.000000000000
        0.0305130000      0.000000000000      0.000000000000      0.000000000000
                          0.000000000000      0.000000000000      0.000000000000
                          1.000000000000
