! 
! C: aug-cc-pVQZ
! [6s,5p,4d,3f,2g] 
!
!
!  S functions
F  13    6
 33980.00000   0.000091  -0.000019   0.000000   0.000000   0.000000   0.000000
  5089.00000   0.000704  -0.000151   0.000000   0.000000   0.000000   0.000000
  1157.00000   0.003693  -0.000785   0.000000   0.000000   0.000000   0.000000
   326.60000   0.015360  -0.003324   0.000000   0.000000   0.000000   0.000000
   106.10000   0.052929  -0.011512   0.000000   0.000000   0.000000   0.000000
    38.11000   0.147043  -0.034160   0.000000   0.000000   0.000000   0.000000
    14.75000   0.305631  -0.077173   0.000000   0.000000   0.000000   0.000000
     6.03500   0.399345  -0.141493   0.000000   0.000000   0.000000   0.000000
     2.53000   0.217051  -0.118019   0.000000   0.000000   0.000000   0.000000
     0.73550   0.015894   0.273806   1.000000   0.000000   0.000000   0.000000
     0.29050  -0.003084   0.586510   0.000000   1.000000   0.000000   0.000000
     0.11110   0.000978   0.285430   0.000000   0.000000   1.000000   0.000000
     0.04145   0.000000   0.000000   0.000000   0.000000   0.000000   1.000000
!
!  P functions
F   7    5
    34.51000   0.005378   0.000000   0.000000   0.000000   0.000000
     7.91500   0.036132   0.000000   0.000000   0.000000   0.000000
     2.36800   0.142493   0.000000   0.000000   0.000000   0.000000
     0.81320   0.342150   1.000000   0.000000   0.000000   0.000000
     0.28900   0.463864   0.000000   1.000000   0.000000   0.000000
     0.10070   0.250028   0.000000   0.000000   1.000000   0.000000
     0.03218   0.000000   0.000000   0.000000   0.000000   1.000000
!
