! Basis = aug-cc-pVQZ
! CHLORINE       (17s,12p,4d,3f,2g) -> [7s,6p,4d,3f,2g]
! CHLORINE       (16s,11p,3d,2f,1g) -> [6s,5p,3d,2f,1g]
! CHLORINE       (1s,1p,1d,1f,1g)
! s functions
H  17    7
   834900.0000000000      0.000023168800     -0.000006496490      0.000001966450
                          0.000000000000      0.000000000000      0.000000000000
                          0.000000000000
   125000.0000000000      0.000180154000     -0.000050489500      0.000015262000
                          0.000000000000      0.000000000000      0.000000000000
                          0.000000000000
    28430.0000000000      0.000947782000     -0.000266113000      0.000080608600
                          0.000000000000      0.000000000000      0.000000000000
                          0.000000000000
     8033.0000000000      0.004001390000     -0.001124990000      0.000339960000
                          0.000000000000      0.000000000000      0.000000000000
                          0.000000000000
     2608.0000000000      0.014462900000     -0.004104970000      0.001245510000
                          0.000000000000      0.000000000000      0.000000000000
                          0.000000000000
      933.9000000000      0.045658600000     -0.013198700000      0.003996120000
                          0.000000000000      0.000000000000      0.000000000000
                          0.000000000000
      360.0000000000      0.123248000000     -0.037534200000      0.011475100000
                          0.000000000000      0.000000000000      0.000000000000
                          0.000000000000
      147.0000000000      0.264369000000     -0.089723300000      0.027550400000
                          0.000000000000      0.000000000000      0.000000000000
                          0.000000000000
       62.8800000000      0.382989000000     -0.167671000000      0.053291700000
                          0.000000000000      0.000000000000      0.000000000000
                          0.000000000000
       27.6000000000      0.270934000000     -0.174763000000      0.057124600000
                          0.000000000000      0.000000000000      0.000000000000
                          0.000000000000
       11.0800000000      0.047140400000      0.114909000000     -0.039520100000
                          0.000000000000      0.000000000000      0.000000000000
                          0.000000000000
        5.0750000000     -0.003717660000      0.563618000000     -0.264343000000
                          0.000000000000      0.000000000000      0.000000000000
                          0.000000000000
        2.2780000000      0.002191580000      0.441606000000     -0.349291000000
                          0.000000000000      0.000000000000      0.000000000000
                          0.000000000000
        0.7775000000      0.000000000000      0.000000000000      0.000000000000
                          1.000000000000      0.000000000000      0.000000000000
                          0.000000000000
        0.3527000000      0.000000000000      0.000000000000      0.000000000000
                          0.000000000000      1.000000000000      0.000000000000
                          0.000000000000
        0.1431000000      0.000000000000      0.000000000000      0.000000000000
                          0.000000000000      0.000000000000      1.000000000000
                          0.000000000000
        0.0519000000      0.000000000000      0.000000000000      0.000000000000
                          0.000000000000      0.000000000000      0.000000000000
                          1.000000000000
! p functions
H  12    6
     1703.0000000000      0.000474039000     -0.000128266000      0.000000000000
                          0.000000000000      0.000000000000      0.000000000000
      403.6000000000      0.004064120000     -0.001093560000      0.000000000000
                          0.000000000000      0.000000000000      0.000000000000
      130.3000000000      0.021335500000     -0.005834290000      0.000000000000
                          0.000000000000      0.000000000000      0.000000000000
       49.0500000000      0.079461100000     -0.021925800000      0.000000000000
                          0.000000000000      0.000000000000      0.000000000000
       20.2600000000      0.208927000000     -0.060138500000      0.000000000000
                          0.000000000000      0.000000000000      0.000000000000
        8.7870000000      0.364945000000     -0.106929000000      0.000000000000
                          0.000000000000      0.000000000000      0.000000000000
        3.9190000000      0.371725000000     -0.122454000000      0.000000000000
                          0.000000000000      0.000000000000      0.000000000000
        1.7650000000      0.146292000000      0.038361900000      0.000000000000
                          0.000000000000      0.000000000000      0.000000000000
        0.7207000000      0.000000000000      0.000000000000      1.000000000000
                          0.000000000000      0.000000000000      0.000000000000
        0.2839000000      0.000000000000      0.000000000000      0.000000000000
                          1.000000000000      0.000000000000      0.000000000000
        0.1060000000      0.000000000000      0.000000000000      0.000000000000
                          0.000000000000      1.000000000000      0.000000000000
        0.0376000000      0.000000000000      0.000000000000      0.000000000000
                          0.000000000000      0.000000000000      1.000000000000
