!
! Ne: aug-cc-pVQZ
!  [6s,5p,4d,3f,2g]
!
!
!  S functions
F  13    6
 99920.00000   0.000086  -0.000020   0.000000   0.000000   0.000000   0.000000
 14960.00000   0.000669  -0.000158   0.000000   0.000000   0.000000   0.000000
  3399.00000   0.003518  -0.000824   0.000000   0.000000   0.000000   0.000000
   958.90000   0.014667  -0.003500   0.000000   0.000000   0.000000   0.000000
   311.20000   0.050962  -0.012233   0.000000   0.000000   0.000000   0.000000
   111.70000   0.143744  -0.037017   0.000000   0.000000   0.000000   0.000000
    43.32000   0.304562  -0.086113   0.000000   0.000000   0.000000   0.000000
    17.80000   0.400105  -0.158381   0.000000   0.000000   0.000000   0.000000
     7.50300   0.218644  -0.114288   0.000000   0.000000   0.000000   0.000000
     2.33700   0.018664   0.298191   1.000000   0.000000   0.000000   0.000000
     0.90010  -0.002167   0.585784   0.000000   1.000000   0.000000   0.000000
     0.33010   0.000951   0.272467   0.000000   0.000000   1.000000   0.000000
     0.10540   0.000000   0.000000   0.000000   0.000000   0.000000   1.000000
!
!  P functions
F   7    5
    99.68000   0.006566   0.000000   0.000000   0.000000   0.000000
    23.15000   0.045979   0.000000   0.000000   0.000000   0.000000
     7.10800   0.173419   0.000000   0.000000   0.000000   0.000000
     2.44100   0.364571   1.000000   0.000000   0.000000   0.000000
     0.83390   0.438185   0.000000   1.000000   0.000000   0.000000
     0.26620   0.241680   0.000000   0.000000   1.000000   0.000000
     0.08178   0.000000   0.000000   0.000000   0.000000   1.000000
!
