! Basis = aug-cc-pVQZ
! SULFUR       (17s,12p,4d,3f,2g) -> [7s,6p,4d,3f,2g]
! SULFUR       (16s,11p,3d,2f,1g) -> [6s,5p,3d,2f,1g]
! SULFUR       (1s,1p,1d,1f,1g)
! s functions
F  17    7
 727800.0000000   0.236025D-04  -0.652179D-05   0.189406D-05  0.0  0.0  0.0  0.0
 109000.0000000   0.183482D-03  -0.506631D-04   0.146948D-04  0.0  0.0  0.0  0.0
  24800.0000000   0.964278D-03  -0.266833D-03   0.775460D-04  0.0  0.0  0.0  0.0
   7014.0000000   0.406537D-02  -0.112601D-02   0.326509D-03  0.0  0.0  0.0  0.0
   2278.0000000   0.146973D-01  -0.411186D-02   0.119686D-02  0.0  0.0  0.0  0.0
    814.7000000   0.465081D-01  -0.132454D-01   0.384799D-02  0.0  0.0  0.0  0.0
    313.4000000   0.125508D+00  -0.377004D-01   0.110539D-01  0.0  0.0  0.0  0.0
    127.7000000   0.268433D+00  -0.898554D-01   0.264645D-01  0.0  0.0  0.0  0.0
     54.4800000   0.384809D+00  -0.167098D+00   0.508771D-01  0.0  0.0  0.0  0.0
     23.8500000   0.265372D+00  -0.169354D+00   0.530030D-01  0.0  0.0  0.0  0.0
      9.4280000   0.437326D-01   0.127824D+00  -0.425518D-01  0.0  0.0  0.0  0.0
      4.2900000  -0.378807D-02   0.564862D+00  -0.250853D+00  0.0  0.0  0.0  0.0
      1.9090000   0.218083D-02   0.431767D+00  -0.333152D+00  0.0  0.0  0.0  0.0
      0.6270000   0.0000000      0.0000000      0.0000000     1.0  0.0  0.0  0.0
      0.2873000   0.0000000      0.0000000      0.0000000     0.0  1.0  0.0  0.0
      0.1172000   0.0000000      0.0000000      0.0000000     0.0  0.0  1.0  0.0
      0.0428000   0.0000000      0.0000000      0.0000000     0.0  0.0  0.0  1.0
! p functions
F  12    6
   1546.0000000   0.441183D-03  -0.113110D-03   0.0  0.0  0.0  0.0
    366.4000000   0.377571D-02  -0.958581D-03   0.0  0.0  0.0  0.0
    118.4000000   0.198360D-01  -0.513471D-02   0.0  0.0  0.0  0.0
     44.5300000   0.742063D-01  -0.192641D-01   0.0  0.0  0.0  0.0
     18.3800000   0.197327D+00  -0.535980D-01   0.0  0.0  0.0  0.0
      7.9650000   0.351851D+00  -0.960333D-01   0.0  0.0  0.0  0.0
      3.5410000   0.378687D+00  -0.118183D+00   0.0  0.0  0.0  0.0
      1.5910000   0.170931D+00   0.923194D-02   0.0  0.0  0.0  0.0
      0.6205000   0.0000000      0.0000000      1.0  0.0  0.0  0.0
      0.2420000   0.0000000      0.0000000      0.0  1.0  0.0  0.0
      0.0901400   0.0000000      0.0000000      0.0  0.0  1.0  0.0
      0.0317000   0.0000000      0.0000000      0.0  0.0  0.0  1.0
