BR     0 
S     10     1.00 
        379677.7000000              0.0003842        
         56125.1800000              0.0030003        
         12967.3500000              0.0148907        
          3836.0820000              0.0547746        
          1331.9960000              0.1567715        
           508.0421000              0.3328099        
           207.7812000              0.3985678        
            90.4218500              0.1765368        
            33.0043700              0.0124906        
            14.3563900             -0.0017219        
S     10     1.00 
        379677.7000000             -0.0001208        
         56125.1800000             -0.0009411        
         12967.3500000             -0.0047442        
          3836.0820000             -0.0177026        
          1331.9960000             -0.0549918        
           508.0421000             -0.1333894        
           207.7812000             -0.2345111        
            90.4218500             -0.0972103        
            33.0043700              0.5425917        
            14.3563900              0.5718584        
S     10     1.00 
        379677.7000000              0.0000480        
         56125.1800000              0.0003749        
         12967.3500000              0.0018827        
          3836.0820000              0.0070977        
          1331.9960000              0.0220139        
           508.0421000              0.0553369        
           207.7812000              0.0995058        
            90.4218500              0.0498142        
            33.0043700             -0.3574409        
            14.3563900             -0.5171876        
S     10     1.00 
        379677.7000000             -0.0000147        
         56125.1800000             -0.0001147        
         12967.3500000             -0.0005766        
          3836.0820000             -0.0021735        
          1331.9960000             -0.0067547        
           508.0421000             -0.0170164        
           207.7812000             -0.0308665        
            90.4218500             -0.0156180        
            33.0043700              0.1175750        
            14.3563900              0.1828625        
S     1     1.00 
             4.7285250              1.0000000        
S     1     1.00 
             2.0329670              1.0000000        
S     1     1.00 
             0.4127060              1.0000000        
S     1     1.00 
             0.1561420              1.0000000        
S     1     1.00 
             0.0590740              1.0000000        
P     8     1.00 
          3167.9100000              0.0024643        
           762.5044000              0.0195907        
           249.3963000              0.0911694        
            95.2317700              0.2656020        
            39.9230100              0.4355430        
            17.7816600              0.3117761        
             7.6772640              0.0602091        
             3.3420640             -0.0019929        
P     8     1.00 
          3167.9100000             -0.0009940        
           762.5044000             -0.0079501        
           249.3963000             -0.0382891        
            95.2317700             -0.1169117        
            39.9230100             -0.2090161        
            17.7816600             -0.0968376        
             7.6772640              0.3512283        
             3.3420640              0.5698537        
P     8     1.00 
          3167.9100000              0.0002588        
           762.5044000              0.0020438        
           249.3963000              0.0100386        
            95.2317700              0.0302452        
            39.9230100              0.0565897        
            17.7816600              0.0195855        
             7.6772640             -0.1056535        
             3.3420640             -0.2254965        
P     1     1.00 
             1.4424220              1.0000000        
P     1     1.00 
             0.4423200              1.0000000        
P     1     1.00 
             0.1377720              1.0000000        
P     1     1.00 
             0.0429130              1.0000000        
D     3     1.00 
            96.1500100              0.0265128        
            27.8390800              0.1500642        
             9.8510670              0.3804896        
D     2     1.00 
             3.6101870              0.4802772        
             1.2515440              0.2478854        
D     2     1.00 
             1.4424000              0.0039500        
             0.4423000              0.8038800        
D     2     1.00 
             0.1378000              0.1348000        
             0.0429000              0.0623100        
F     2     1.00 
            27.8391000              0.0284410        
             9.8510700              0.1212280        
F     2     1.00 
             3.6101900              0.2527710        
             1.2515400              0.2215790        
****

