C     0 
S     5     1.00 
          5240.6353000              0.0009370        
           782.2048000              0.0072280        
           178.3508300              0.0363440        
            50.8159420              0.1306000        
            16.8235620              0.3189310        
S     2     1.00 
             6.1757760              0.4387420        
             2.4180490              0.2149740        
S     1     1.00 
             0.5119000              1.0000000        
S     1     1.00 
             0.1565900              1.0000000        
S     1     1.00 
             0.0479000              1.0000000        
P     4     1.00 
            18.8418000              0.0138870        
             4.1592400              0.0862790        
             1.2067100              0.2887440        
             0.3855400              0.4994110        
P     1     1.00 
             0.1219400              1.0000000        
P     1     1.00 
             0.0385680              1.0000000        
D     2     1.00 
             1.2067000              0.2628500        
             0.3855000              0.8043000        
D     2     1.00 
             0.1219000              0.6535000        
             0.0386000              0.8636000        
****

