F     0 
S     5     1.00 
         13521.5230000              0.0008010        
          2028.6916000              0.0061640        
           462.3739200              0.0312440        
           131.3736600              0.1160810        
            42.9745310              0.3035890        
S     2     1.00 
            15.5714400              0.4459040        
             6.0322320              0.2391150        
S     1     1.00 
             1.3072150              1.0000000        
S     1     1.00 
             0.3888690              1.0000000        
S     1     1.00 
             0.1156800              1.0000000        
P     4     1.00 
            44.1473030              0.0165090        
             9.9934260              0.1034810        
             2.9532460              0.3154810        
             0.9185970              0.4893530        
P     1     1.00 
             0.2668240              1.0000000        
P     1     1.00 
             0.0775000              1.0000000        
D     2     1.00 
             2.9532000              0.1835400        
             0.9186000              0.5105800        
D     2     1.00 
             0.2668000              0.6992500        
             0.0775000              0.4292600        
****

