N     0 
S     5     1.00 
          8104.0716000              0.0008020        
          1216.0215000              0.0061740        
           277.2342800              0.0312330        
            76.9040230              0.1151980        
            25.8744190              0.2969510        
S     2     1.00 
             9.3467670              0.4473490        
             3.5797940              0.2450030        
S     1     1.00 
             0.7396100              1.0000000        
S     1     1.00 
             0.2226170              1.0000000        
S     1     1.00 
             0.0670060              1.0000000        
P     4     1.00 
            26.8689870              0.0144780        
             5.9912270              0.0911560        
             1.7508420              0.2974200        
             0.5605110              0.4937960        
P     1     1.00 
             0.1759480              1.0000000        
P     1     1.00 
             0.0552310              1.0000000        
D     2     1.00 
             1.7508000              0.2247700        
             0.5605000              0.6595600        
D     2     1.00 
             0.1795900              0.8713600        
             0.0552000              0.7042200        
****

