O     0 
S     5     1.00 
         10662.2850000              0.0007990        
          1599.7097000              0.0061530        
           364.7252600              0.0311570        
           103.6517900              0.1155960        
            33.9058050              0.3015520        
S     2     1.00 
            12.2874690              0.4448700        
             4.7568050              0.2431720        
S     1     1.00 
             1.0042710              1.0000000        
S     1     1.00 
             0.3006860              1.0000000        
S     1     1.00 
             0.0900300              1.0000000        
P     4     1.00 
            34.8564630              0.0156480        
             7.8431310              0.0981970        
             2.3062490              0.3077680        
             0.7231640              0.4924700        
P     1     1.00 
             0.2148820              1.0000000        
P     1     1.00 
             0.0638500              1.0000000        
D     2     1.00 
             2.3062000              0.2027000        
             0.7232000              0.5791000        
D     2     1.00 
             0.2149000              0.7854500        
             0.0639000              0.5338700        
****

