S     0 
S     6     1.00 
         99413.4000000              0.0007420        
         13961.7000000              0.0057900        
          3169.9000000              0.0299410        
           902.4600000              0.1189750        
           297.1600000              0.3682900        
           108.7020000              0.5774890        
S     3     1.00 
           108.7020000              0.1429320        
            43.1550000              0.6246490        
            18.1080000              0.2834000        
S     1     1.00 
             5.5705000              1.0000000        
S     1     1.00 
             2.1427000              1.0000000        
S     1     1.00 
             0.4340000              1.0000000        
S     1     1.00 
             0.1570000              1.0000000        
S     1     1.00 
             0.0568000              1.0000000        
P     6     1.00 
           495.0400000              0.0031710        
           117.2200000              0.0246430        
            37.5070000              0.1078450        
            13.9100000              0.2884890        
             5.5045000              0.4481080        
             2.2433000              0.3205170        
P     1     1.00 
             0.7762000              1.0000000        
P     1     1.00 
             0.2919000              1.0000000        
P     1     1.00 
             0.1029000              1.0000000        
P     1     1.00 
             0.0363000              1.0000000        
D     2     1.00 
             0.7762000              0.2915000        
             0.2919000              0.8966000        
D     2     1.00 
             0.1029000              0.1138000        
             0.0363000              0.0568000        
****

