basis "Ar_cc-pVTZ" SPHERICAL
Ar    S
 545000.0000000              0.455828D-04          -0.129551D-04           0.404990D-05     
  81640.0000000              0.354108D-03          -0.100428D-03           0.313691D-04     
  18580.0000000              0.185797D-02          -0.529583D-03           0.165646D-03     
   5261.0000000              0.776851D-02          -0.221396D-02           0.691662D-03     
   1717.0000000              0.274232D-01          -0.796845D-02           0.249790D-02     
    619.9000000              0.823836D-01          -0.245803D-01           0.771074D-02     
    241.6000000              0.201230D+00          -0.657798D-01           0.208714D-01     
     99.7900000              0.356781D+00          -0.137942D+00           0.443965D-01     
     43.1500000              0.349563D+00          -0.201630D+00           0.680224D-01     
     19.1400000              0.118266D+00          -0.412834D-01           0.141350D-01     
      7.4880000              0.560190D-02           0.484680D+00          -0.207489D+00     
      3.2050000              0.483473D-03           0.579224D+00          -0.425045D+00     
      0.5204000              0.292025D-04          -0.727553D-02           0.733627D+00     
Ar    S
      1.1960000              1.0000000        
Ar    S
      0.1954000              1.0000000        
Ar    P
    761.8000000              0.236976D-02          -0.667211D-03     
    180.2000000              0.190199D-01          -0.532717D-02     
     57.5000000              0.880807D-01          -0.255494D-01     
     21.2400000              0.256377D+00          -0.757197D-01     
      8.3880000              0.438711D+00          -0.141133D+00     
      3.4160000              0.347569D+00          -0.932768D-01     
      0.4523000             -0.523882D-02           0.562450D+00     
Ar    P
      1.2060000              1.0000000        
Ar    P
      0.1545000              1.0000000        
Ar    D
      0.4100000              1.0000000        
Ar    D
      1.2540000              1.0000000        
Ar    F
      0.8900000              1.0000000        
end
