basis "Cl_cc-pVTZ" SPHERICAL
Cl    S
 456100.0000000              0.492970D-04          -0.138304D-04           0.418546D-05     
  68330.0000000              0.383029D-03          -0.107279D-03           0.324395D-04     
  15550.0000000              0.200854D-02          -0.565083D-03           0.171105D-03     
   4405.0000000              0.838558D-02          -0.236135D-02           0.714176D-03     
   1439.0000000              0.294703D-01          -0.845886D-02           0.256705D-02     
    520.4000000              0.878325D-01          -0.259638D-01           0.788552D-02     
    203.1000000              0.211473D+00          -0.686362D-01           0.210867D-01     
     83.9600000              0.365364D+00          -0.141874D+00           0.442264D-01     
     36.2000000              0.340884D+00          -0.199319D+00           0.651670D-01     
     15.8300000              0.102133D+00          -0.195662D-01           0.603012D-02     
      6.3340000              0.311675D-02           0.499741D+00          -0.206495D+00     
      2.6940000              0.105751D-02           0.563736D+00          -0.405871D+00     
      0.4313000              0.156136D-03          -0.835091D-02           0.725661D+00     
Cl    S
      0.9768000              1.0000000        
Cl    S
      0.1625000              1.0000000        
Cl    P
    663.3000000              0.240448D-02          -0.652145D-03     
    156.8000000              0.192148D-01          -0.519445D-02     
     49.9800000              0.885097D-01          -0.246938D-01     
     18.4200000              0.256020D+00          -0.728167D-01     
      7.2400000              0.436927D+00          -0.134030D+00     
      2.9220000              0.350334D+00          -0.947742D-01     
      0.3818000             -0.458423D-02           0.564667D+00     
Cl    P
      1.0220000              1.0000000        
Cl    P
      0.1301000              1.0000000        
Cl    D
      1.0460000              1.0000000        
Cl    D
      0.3440000              1.0000000        
Cl    F
      0.7060000              1.0000000        
end
