! Basis = cc-pVDZ
! ARGON       (12s,8p,1d) -> [4s,3p,1d]
! ARGON       (12s,8p,1d) -> [4s,3p,1d]
! s functions
F  12    4
 145700.0000000   0.236700D-03  -0.674910D-04   0.210457D-04   0.0000000        
  21840.0000000   0.183523D-02  -0.518522D-03   0.162565D-03   0.0000000        
   4972.0000000   0.952860D-02  -0.274825D-02   0.855463D-03   0.0000000        
   1408.0000000   0.386283D-01  -0.111007D-01   0.349745D-02   0.0000000        
    459.7000000   0.124081D+00  -0.384820D-01   0.120156D-01   0.0000000        
    165.9000000   0.296471D+00  -0.997599D-01   0.321368D-01   0.0000000        
     64.6900000   0.422068D+00  -0.203088D+00   0.655279D-01   0.0000000        
     26.4400000   0.241711D+00  -0.135608D+00   0.499370D-01   0.0000000        
      7.6280000   0.200509D-01   0.507195D+00  -0.229769D+00   0.0000000        
      2.9960000  -0.361000D-02   0.612898D+00  -0.421006D+00   0.0000000        
      0.6504000   0.975607D-03   0.442968D-01   0.642331D+00   0.0000000        
      0.2337000   0.0000000      0.0000000      0.0000000      1.0000000        
! p functions
F   8    3
    453.7000000   0.570555D-02  -0.160655D-02   0.0000000        
    106.8000000   0.430460D-01  -0.121714D-01   0.0000000        
     33.7300000   0.176591D+00  -0.520789D-01   0.0000000        
     12.1300000   0.406863D+00  -0.123737D+00   0.0000000        
      4.5940000   0.452549D+00  -0.151619D+00   0.0000000        
      1.6780000   0.122801D+00   0.142425D+00   0.0000000        
      0.5909000  -0.445996D-02   0.584501D+00   0.0000000        
      0.1852000   0.0000000      0.0000000      1.0000000        
! d functions
F   1    1
      0.7380000   1.0000000        
