! Iodine
! augA-Sadlej-pVTZ
! (19s,15p,12d,5f) -> [11s,9p,6d,3f]
!
! Sadlej pVTZ  EMSL  Basis Set Exchange Library   2/16/11 2:42 AM
! A. J. Sadlej, Collec. Czech. Chem. Commun.  53, 1995 (1988)
! A. J. Sadlej and M. Urban, J. Mol. Struct. (THEOCHEM) 234, 147 (1991)
! A. J. Sadlej, Theor. Chim. Acta 79, 123 (1992)
! A. J. Sadlej, Theor. Chim. Acta 81, 45 (1992)
! A. J. Sadlej, Theor. Chim. Acta 81, 339 (1992)
! 
S   13
  1 1024924.8000000            -0.0003112        
  2 154843.1300000             -0.0023822        
  3  35646.3360000             -0.0121028        
  4  10272.6300000             -0.0473906        
  5   3434.4769000             -0.1443574        
  6   1284.4313000             -0.3164481        
  7    525.6418900             -0.4018988        
  8    230.7412700             -0.2058581        
  9     87.2552170             -0.0195178        
 10     39.4944640              0.0035105        
 11     14.2545200             -0.0021503        
 12      7.6466089              0.0019077        
 13      3.0500598             -0.0017174        
S   13
  1 1024924.8000000             0.0001012        
  2 154843.1300000              0.0007736        
  3  35646.3360000              0.0039784        
  4  10272.6300000              0.0158201        
  5   3434.4769000              0.0517979        
  6   1284.4313000              0.1298812        
  7    525.6418900              0.2340313        
  8    230.7412700              0.1378589        
  9     87.2552170             -0.4704590        
 10     39.4944640             -0.6244144        
 11     14.2545200             -0.1186834        
 12      7.6466089              0.0377119        
 13      3.0500598             -0.0247635        
S   13
  1 1024924.8000000            -0.0000451        
  2 154843.1300000             -0.0003451        
  3  35646.3360000             -0.0017715        
  4  10272.6300000             -0.0070961        
  5   3434.4769000             -0.0233084        
  6   1284.4313000             -0.0602625        
  7    525.6418900             -0.1124651        
  8    230.7412700             -0.0761724        
  9     87.2552170              0.3515680        
 10     39.4944640              0.6449758        
 11     14.2545200             -0.4140994        
 12      7.6466089             -0.8084290        
 13      3.0500598             -0.1559773        
S   13
  1 1024924.8000000            -0.0000203        
  2 154843.1300000             -0.0001556        
  3  35646.3360000             -0.0007992        
  4  10272.6300000             -0.0032017        
  5   3434.4769000             -0.0105449        
  6   1284.4313000             -0.0273582        
  7    525.6418900             -0.0516988        
  8    230.7412700             -0.0355751        
  9     87.2552170              0.1753485        
 10     39.4944640              0.3578347        
 11     14.2545200             -0.3285772        
 12      7.6466089             -0.9202006        
 13      3.0500598              0.2478261        
S   13
  1 1024924.8000000             0.0000069        
  2 154843.1300000              0.0000529        
  3  35646.3360000              0.0002719        
  4  10272.6300000              0.0010883        
  5   3434.4769000              0.0035900        
  6   1284.4313000              0.0093065        
  7    525.6418900              0.0176738        
  8    230.7412700              0.0121096        
  9     87.2552170             -0.0605902        
 10     39.4944640             -0.1275278        
 11     14.2545200              0.1280144        
 12      7.6466089              0.3725377        
 13      3.0500598             -0.1394091        
S   1
  1      1.7326181              1.0000000        
S   1
  1      0.8768236              1.0000000        
S   1
  1      0.6349930              1.0000000        
S   1
  1      0.2564976              1.0000000        
S   1
  1      0.1061169              1.0000000        
S   1
  1      0.0439022              1.0000000        
P   10
  1   7299.0410000              0.0026316        
  2   1767.8671000              0.0204925        
  3    590.0943300              0.0932057        
  4    231.4938700              0.2616339        
  5    101.7317600              0.4158847        
  6     47.5691190              0.3128182        
  7     22.2754040              0.0714857        
  8     10.8408970              0.0010960        
  9      5.2379498              0.0006345        
 10      2.5466334             -0.0003811        
P   10
  1   7299.0410000              0.0012293        
  2   1767.8671000              0.0096738        
  3    590.0943300              0.0455881        
  4    231.4938700              0.1356119        
  5    101.7317600              0.2345662        
  6     47.5691190              0.1201292        
  7     22.2754040             -0.3495375        
  8     10.8408970             -0.5837640        
  9      5.2379498             -0.2062012        
 10      2.5466334             -0.8572306        
P   10
  1   7299.0410000              0.0005366        
  2   1767.8671000              0.0042285        
  3    590.0943300              0.0200867        
  4    231.4938700              0.0603974        
  5    101.7317600              0.1067446        
  6     47.5691190              0.0467467        
  7     22.2754040             -0.2201150        
  8     10.8408970             -0.4207903        
  9      5.2379498              0.0628580        
 10      2.5466334              0.6434501        
P   10
  1   7299.0410000              0.0001599        
  2   1767.8671000              0.0012612        
  3    590.0943300              0.0059946        
  4    231.4938700              0.0180769        
  5    101.7317600              0.0320064        
  6     47.5691190              0.0137283        
  7     22.2754040             -0.0700630        
  8     10.8408970             -0.1360543        
  9      5.2379498              0.0381252        
 10      2.5466334              0.2700960        
P   1
  1      1.2106848              1.0000000        
P   1
  1      0.5744092              1.0000000        
P   1
  1      0.2465331              1.0000000        
P   1
  1      0.0913532              1.0000000        
P   1
  1      0.0338511              1.0000000        
D   4
  1    370.3763900              0.0160789        
  2    109.7104700              0.1091329        
  3     41.1992160              0.3277467        
  4     17.2846070              0.4658406        
D   4
  1    370.3763900              0.0066648        
  2    109.7104700              0.0461780        
  3     41.1992160              0.1405037        
  4     17.2846070              0.1865116        
D   4
  1      7.8154415              0.2640157        
  2      3.7428153              0.0438970        
  3      1.6595878              0.0030830        
  4      0.6526591             -0.0004230        
D   4
  1      7.8154415              0.0108920        
  2      3.7428153              0.3827473        
  3      1.6595878              0.5259328        
  4      0.6526591              0.2222319        
D   2
  1      0.5744090              0.2480650        
  2      0.2465330              1.0729530        
D   2
  1      0.0913530              0.1366340        
  2      0.0338510              0.0543600        
F   2
  1      7.8154415              0.0038960        
  2      3.7428153              0.1978390        
F   2
  1      1.6595878              0.4082540        
  2      0.6526591              0.2750830        
F   1
  1      0.2175500              1.0
